1584
26
35
36
37
38
41
44
46
56
61
73
76
77
78
89
125
131
137
144
150
158
161
171
177
195
199
206
209
232
239
267
269
278
281
291
316
319
320
322
326
331
337
338
350
351
358
378
379
383
388
393
418
425
429
439
452
463
475
476
491
492
496
499
515
517
535
544
551
552
566
573
590
593
599
621
628
639
643
649
656
658
672
679
686
696
710
715
720
721
725
735
737
740
745
748
760
764
767
774
778
779
783
786
789
806
819
826
836
839
855
868
873
875
881
886
887
896
906
927
939
951
965
966
967
983
988
993
995
997
1005
1016
1021
1033
1036
1054
1056
1062
1068
1079
1094
1102
1105
1107
1115
1138
1141
1147
1153
1155
1174
1179
1195
1202
1212
1226
1237
1239
1250
1256
1258
1259
1261
1282
1296
1307
1319
1331
1332
1335
1337
1345
1355
1367
1370
1371
1378
1381
1391
1403
1429
1442
1449
1459
1465
1469
1471
1472
1475
1502
1510
1514
1515
1516
1519
1522
1529
1560
1570
1571
1594
1599
1608
1612
1621
1636
1637
1641
1656
1663
1666
1676
1683
1684
1693
1694
1727
1735
1738
1739
1745
1761
1767
1774
1776
1779
1785
1794
1796
1803
1832
1833
1837
1844
1861
1871
1880
1887
1891
1897
1899
1902
1910
1918
1921
1925
1936
1940
1941
1962
1971
1979
2005
2012
2015
2028
2029
2030
2032
2035
2043
2057
2061
2065
2100
2108
2110
2114
2131
2132
2133
2137
2141
2148
2150
2156
2162
2188
2197
2201
2205
2209
2211
2221
2244
2259
2261
2265
2271
2272
2273
2280
2283
2290
2296
2306
2325
2355
2365
2370
2391
2392
2398
2405
2422
2431
2437
2447
2448
2461
2476
2477
2484
2490
2492
2501
2502
2505
2509
2514
2515
2517
2524
2551
2567
2572
2584
2597
2605
2620
2631
2634
2644
2647
2648
2649
2657
2662
2690
2691
2694
2696
2703
2704
2716
2729
2730
2737
2738
2740
2742
2749
2756
2775
2783
2791
2832
2845
2846
2847
2858
2859
2862
2867
2887
2894
2897
2904
2905
2932
2933
2934
2938
2958
2960
2977
2978
2990
2996
3006
3014
3035
3058
3066
3067
3070
3094
3097
3107
3110
3113
3114
3123
3129
3130
3134
3135
3148
3151
3157
3174
3189
3198
3209
3212
3217
3220
3228
3237
3297
3316
3319
3333
3336
3338
3345
3376
3399
3406
3412
3414
3421
3427
3430
3469
3471
3480
3489
3492
3495
3499
3510
3544
3556
3561
3567
3584
3598
3601
3606
3612
3620
3628
3631
3636
3644
3646
3650
3652
3653
3662
3671
3700
3713
3714
3718
3719
3732
3740
3743
3751
3752
3755
3757
3761
3793
3800
3807
3808
3816
3817
3841
3843
3845
3847
3848
3850
3852
3866
3885
3889
3895
3896
3899
3902
3909
3930
3931
3955
3965
3966
3974
3997
3998
4001
4012
4014
4018
4019
4030
4035
4038
4044
4049
4057
4058
4066
4075
4095
4109
4120
4121
4126
4134
4136
4151
4171
4172
4180
4182
4186
4208
4219
4227
4244
4258
4259
4267
4284
4301
4302
4305
4334
4343
4359
4361
4376
4393
4403
4410
4411
4413
4415
4422
4433
4439
4447
4459
4489
4510
4539
4548
4550
4562
4566
4568
4574
4576
4579
4583
4593
4632
4639
4643
4650
4656
4658
4662
4668
4672
4673
4690
4709
4710
4740
4751
4754
4766
4783
4784
4793
4813
4840
4845
4851
4857
4871
4879
4886
4888
4922
4938
4940
4944
4948
4977
4979
4981
4982
4989
4993
4997
5008
5026
5032
5037
5045
5049
5055
5062
5063
5071
5072
5081
5085
5095
5096
5113
5122
5130
5131
5141
5142
5147
5148
5178
5179
5186
5190
5205
5223
5241
5251
5267
5268
5276
5294
5313
5317
5320
5327
5329
5351
5380
5384
5386
5391
5394
5401
5420
5421
5423
5432
5433
5437
5438
5441
5446
5452
5455
5458
5471
5475
5487
5493
5494
5504
5505
5507
5513
5517
5530
5535
5537
5551
5554
5558
5588
5589
5594
5642
5643
5649
5663
5664
5674
5678
5689
5690
5691
5693
5694
5702
5712
5714
5743
5745
5749
5752
5753
5754
5755
5762
5770
5778
5779
5795
5801
5808
5811
5818
5829
5837
5838
5862
5867
5876
5888
5903
5920
5921
5938
5945
5950
5954
5958
5963
5975
5978
5983
5984
5990
5996
5998
6015
6017
6023
6027
6029
6031
6066
6076
6082
6083
6102
6108
6113
6115
6125
6138
6145
6146
6147
6148
6152
6156
6165
6168
6179
6180
6187
6191
6199
6202
6214
6216
6233
6234
6235
6237
6239
6241
6242
6252
6253
6263
6267
6270
6272
6273
6293
6294
6303
6311
6313
6325
6326
6330
6342
6354
6356
6362
6374
6380
6385
6393
6394
6421
6429
6431
6439
6444
6449
6452
6453
6457
6463
6470
6473
6476
6487
6491
6495
6500
6501
6502
6508
6520
6523
6524
6546
6553
6569
6571
6572
6576
6581
6586
6587
6589
6595
6601
6603
6607
6613
6614
6617
6620
6621
6622
6658
6659
6660
6669
6674
6676
6678
6686
6688
6690
6705
6707
6716
6729
6732
6738
6739
6751
6757
6766
6769
6776
6783
6784
6785
6795
6796
6799
6800
6808
6812
6816
6827
6843
6853
6863
6883
6884
6912
6915
6916
6927
6928
6931
6933
6937
6963
6965
6970
6980
6988
6996
7014
7021
7024
7032
7042
7043
7044
7054
7069
7072
7077
7087
7102
7103
7106
7114
7127
7140
7142
7159
7160
7163
7166
7168
7175
7179
7192
7193
7196
7211
7220
7232
7242
7251
7268
7269
7276
7288
7289
7295
7300
7303
7305
7307
7327
7330
7340
7349
7354
7360
7390
7408
7410
7427
7442
7448
7453
7468
7469
7470
7471
7480
7484
7494
7500
7503
7506
7513
7523
7529
7547
7548
7551
7565
7573
7578
7580
7599
7610
7619
7631
7633
7635
7636
7638
7639
7667
7669
7674
7678
7686
7687
7694
7729
7730
7742
7743
7744
7770
7773
7779
7809
7810
7818
7821
7822
7831
7835
7836
7839
7851
7855
7865
7869
7873
7890
7897
7898
7904
7912
7915
7917
7921
7935
7946
7959
7969
7973
7975
7980
7982
7985
8001
8004
8017
8028
8032
8068
8072
8085
8086
8096
8102
8112
8135
8138
8153
8164
8178
8185
8195
8201
8205
8213
8221
8227
8237
8262
8275
8281
8287
8297
8298
8308
8325
8351
8356
8384
8402
8406
8422
8429
8431
8433
8445
8456
8460
8462
8465
8490
8499
8501
8508
8510
8511
8519
8523
8525
8528
8534
8568
8570
8574
8582
8583
8597
8603
8617
8639
8651
8657
8663
8677
8693
8695
8712
8733
8738
8742
8762
8765
8773
8781
8795
8799
8807
8816
8821
8825
8836
8838
8842
8868
8872
8884
8886
8888
8907
8914
8922
8933
8956
8958
8962
8983
8992
8998
9017
9018
9031
9032
9035
9041
9052
9067
9076
9086
9087
9095
9096
9098
9109
9110
9114
9123
9126
9129
9132
9145
9148
9167
9174
9179
9182
9214
9215
9222
9232
9245
9250
9258
9267
9275
9276
9291
9293
9295
9310
9314
9318
9345
9352
9374
9377
9383
9386
9395
9405
9420
9430
9438
9439
9453
9462
9493
9494
9499
9506
9507
9518
9525
9532
9538
9544
9547
9550
9560
9580
9587
9588
9614
9624
9626
9629
9631
9652
9653
9657
9663
9666
9678
9691
9700
9711
9716
9719
9723
9731
9735
9737
9751
9752
9753
9761
9764
9779
9792
9793
9794
9795
9802
9813
9819
9837
9840
9841
9847
9851
9866
9889
9893
9911
9914
9917
9918
9920
9933
9938
9942
9985
10003
10005
10023
10029
10031
10032
10034
10035
10042
10053
10054
10062
10071
10073
10080
10095
10101
10111
10123
10128
10143
10156
10162
10165
10170
10176
10178
10188
10190
10196
10207
10208
10212
10226
10228
10234
10252
10255
10259
10268
10270
10275
10285
10288
10289
10291
10294
10300
10312
10316
10327
10334
10344
10348
10349
10388
10392
10398
10420
10432
10436
10440
10446
10457
10459
10462
10470
10472
10478
10480
10493
10499
10522
10525
10527
10532
10537
10541
10556
10564
10574
10578
10610
10611
10619
10621
10653
10658
10662
10676
10681
10683
10689
10692
10710
10713
10729
10732
10737
10742
10745
10762
10776
10777
10782
10787
10794
10806
10811
10815
10822
10827
10839
10844
10851
10853
10876
10883
10895
10902
10912
10914
10924
10931
10932
10937
10952
10955
10969
10971
10972
10984
10986
10998
11003
11009
11022
11026
11051
11056
11065
11072
11080
11084
11086
11093
11100
11111
11112
11113
11128
11134
11136
11137
11140
11142
11179
11186
11193
11210
11211
11242
11266
11287
11288
11293
11294
11300
11305
11316
11317
11320
11334
11342
11347
11350
11355
11360
11363
11367
11372
11376
11388
11397
11403
11407
11413
11418
11433
11445
11446
11455
11457
11460
11464
11473
11487
11491
11498
11513
11522
11526
11527
11529
11532
11540
11542
11554
11566
11568
11570
11572
11577
11589
11593
11602
11607
11616
11617
11619
11624
11643
11649
11658
11676
11680
11686
11730
11739
11748
11749
11756
11757
11768
11773
11779
11797
11802
11806
11821
11846
11847
11854
11857
11860
11876
11879
11880
11891
11892
11893
11896
11897
11909
11912
11917
11922
11923
11930
11936
11953
11954
11956
11957
11960
11963
11964
11971
11972
11975
11981
11987
11989
12009
12020
12031
12038
12042
12043
12047
12050
12051
12057
12058
12059
12061
12070
12072
12094
12095
12098
12102
12111
12126
12129
12130
12144
12146
12152
12156
12161
12171
12180
12193
12204
12207
12209
12222
12226
12227
12232
12239
12244
12248
12256
12266
12276
12277
12288
12290
12304
12307
12315
12335
12342
12351
12359
12361
12368
12376
12377
12396
12400
407
153
326
324
93
388
353
29
277
377
398
274
9
0
126
178
291
166
40
361
181
220
169
252
233
244
73
297
82
83
168
231
180
329
37
55
136
11
92
248
46
383
279
371
208
314
198
7
358
184
266
245
407
100
351
305
48
333
272
76
354
147
221
138
33
306
380
342
300
336
239
99
376
235
36
283
2
261
157
280
79
90
301
311
75
119
6
104
403
53
108
143
16
121
130
144
8
364
292
271
337
173
367
196
42
162
253
243
316
39
268
409
404
209
345
22
385
41
109
17
77
72
179
281
199
30
356
123
171
325
165
374
61
13
269
51
118
105
34
287
257
3
309
32
392
411
146
406
386
163
195
270
18
159
24
350
134
373
332
217
216
19
97
186
237
362
56
151
74
251
240
192
63
211
70
200
122
228
394
255
57
260
295
161
265
230
45
313
4
35
185
60
259
242
363
203
396
290
107
202
54
218
62
124
370
349
338
117
347
10
120
31
28
234
379
127
177
88
390
125
113
341
369
359
189
318
254
405
267
223
142
249
391
395
131
47
50
98
187
213
408
112
175
148
64
293
400
334
368
214
262
101
384
96
323
258
188
95
15
94
288
296
286
158
152
273
247
276
155
204
190
26
315
207
378
346
289
307
111
310
330
366
137
357
85
328
381
80
284
23
89
282
335
215
49
182
110
25
91
58
275
14
352
226
115
210
1
327
264
170
44
160
164
129
339
201
43
135
236
401
140
320
139
191
71
299
59
304
149
227
174
382
205
167
389
69
222
12
5
285
225
197
52
355
176
67
102
393
103
20
308
193
132
106
402
84
21
312
397
219
302
81
250
206
194
399
319
343
321
278
224
116
410
133
317
256
238
65
298
372
183
229
141
241
128
86
246
68
387
303
66
78
340
294
154
412
331
150
348
27
322
360
145
87
156
212
375
344
