11
0
5
9
53
57
59
61
63
64
66
67
222
25
85
92
156
113
215
168
239
295
52
272
34
126
55
250
33
97
72
165
145
23
18
181
68
276
83
2
192
189
255
4
199
65
247
284
50
134
260
300
101
180
212
164
36
112
263
178
8
32
191
3
63
264
35
184
172
138
22
43
200
259
287
175
236
242
265
271
96
42
5
13
209
51
111
56
187
100
224
234
135
62
102
143
186
173
245
114
110
258
282
204
240
58
190
197
273
269
268
128
132
176
286
241
104
174
91
37
121
267
159
223
196
280
66
228
89
6
238
76
141
69
44
82
109
144
285
17
49
99
124
261
146
227
129
98
20
194
61
206
147
154
162
11
119
153
235
283
219
27
207
229
80
95
232
120
179
106
243
279
216
38
183
220
29
281
88
170
48
115
270
290
71
117
70
213
150
73
292
185
7
166
31
10
218
140
15
151
210
46
105
118
59
24
296
14
246
163
222
160
103
302
16
28
47
39
157
19
149
116
297
75
21
161
30
78
256
90
86
193
67
195
188
