869
53
55
64
66
69
72
77
80
81
90
93
99
109
110
113
122
124
127
159
160
166
167
171
192
194
195
196
197
201
203
209
210
230
231
233
242
249
252
255
263
264
270
273
278
288
293
300
306
313
320
324
328
349
361
370
373
376
377
386
387
394
398
404
407
413
438
441
447
450
454
462
470
472
475
510
513
533
536
540
545
546
554
560
565
571
586
595
598
600
604
605
609
613
622
625
626
629
630
632
634
635
636
646
655
661
665
674
682
686
695
699
709
718
721
722
727
736
742
744
750
755
757
758
765
770
784
793
821
828
829
831
834
839
847
853
856
857
867
869
873
874
877
880
881
884
887
889
896
897
915
918
940
942
954
959
966
968
977
983
984
985
987
993
997
998
1000
1004
1022
1030
1031
1059
1064
1066
1072
1073
1080
1083
1105
1117
1129
1136
1140
1146
1149
1152
1153
1160
1161
1172
1180
1184
1188
1196
1201
1223
1228
1230
1231
1232
1233
1236
1241
1244
1251
1255
1258
1260
1269
1270
1277
1288
1293
1295
1311
1319
1324
1325
1334
1356
1367
1375
1387
1390
1397
1398
1401
1405
1410
1420
1422
1428
1442
1445
1448
1454
1472
1474
1489
1497
1500
1518
1519
1523
1525
1529
1533
1544
1552
1558
1560
1564
1565
1567
1584
1591
1593
1595
1605
1621
1642
1643
1648
1652
1659
1660
1661
1667
1678
1681
1689
1711
1717
1720
1722
1728
1730
1733
1741
1760
1762
1780
1781
1782
1783
1786
1788
1798
1805
1810
1811
1814
1817
1820
1822
1825
1828
1830
1852
1860
1879
1892
1897
1902
1914
1918
1936
1947
1950
1953
1957
1958
1963
1964
1968
1974
1978
1984
1996
2006
2011
2012
2016
2017
2025
2058
2063
2067
2070
2081
2088
2109
2134
2138
2142
2147
2150
2159
2173
2178
2201
2203
2210
2223
2238
2239
2248
2252
2253
2271
2288
2294
2295
2306
2324
2327
2329
2332
2334
2336
2346
2350
2361
2362
2368
2371
2372
2374
2381
2384
2385
2386
2400
2402
2405
2408
2411
2412
2417
2425
2428
2441
2443
2452
2463
2468
2470
2474
2483
2485
2490
2494
2500
2502
2510
2512
2523
2524
2525
2528
2530
2535
2541
2542
2546
2572
2573
2575
2576
2587
2590
2596
2603
2607
2608
2620
2625
2628
2633
2656
2670
2672
2679
2686
2687
2695
2696
2698
2699
2700
2705
2707
2714
2725
2729
2734
2739
2741
2743
2758
2760
2772
2774
2783
2801
2805
2817
2823
2824
2826
2827
2828
2830
2834
2839
2841
2846
2849
2858
2867
2869
2876
2891
2897
2898
2902
2904
2906
2907
2909
2910
2913
2931
2933
2941
2943
2946
2949
2951
2953
2955
2958
2965
2974
2977
2988
2992
2997
3021
3034
3037
3038
3040
3043
3057
3060
3064
3066
3067
3073
3075
3081
3082
3091
3102
3107
3113
3115
3132
3134
3136
3137
3144
3159
3163
3173
3193
3200
3204
3206
3232
3233
3234
3235
3243
3246
3249
3263
3264
3284
3286
3292
3301
3304
3307
3316
3320
3326
3329
3336
3350
3357
3359
3364
3370
3371
3377
3382
3386
3390
3404
3411
3412
3413
3428
3429
3431
3439
3442
3452
3459
3468
3487
3489
3497
3513
3518
3520
3525
3541
3545
3565
3566
3569
3579
3583
3588
3591
3593
3595
3596
3597
3602
3608
3613
3627
3641
3660
3661
3666
3670
3680
3690
3693
3702
3706
3713
3714
3715
3716
3730
3732
3751
3770
3771
3772
3779
3789
3790
3795
3797
3798
3802
3805
3822
3832
3861
3866
3876
3877
3896
3898
3902
3908
3909
3914
3919
3920
3930
3933
3935
3937
3945
3952
3956
3959
3965
3972
3975
3981
3985
3988
3991
3998
4008
4018
4021
4036
4071
4076
4095
4113
4118
4151
4152
4160
4166
4174
4176
4178
4191
4194
4200
4203
4212
4218
4242
4245
4246
4251
4252
4259
4267
4273
4278
4280
4281
4293
4297
4300
4301
4312
4317
4329
4333
4337
4340
4341
4348
4350
4352
4355
4358
4366
4375
4377
4381
4385
4386
4389
4391
4393
4395
4409
4413
4429
4431
4441
4444
4445
4454
4458
4467
4469
4478
4487
4489
4490
4506
4508
4523
4525
4533
4537
4540
4541
4544
4561
4572
4573
4585
4597
4598
4612
4614
4619
4620
4626
4634
4647
4648
4653
4672
4673
4681
4687
4699
4704
4709
4719
4738
4739
4753
4754
4759
4760
4769
4780
4785
4797
4799
4807
4810
4813
4822
4828
4829
4847
4858
4860
4867
4868
4876
4881
4893
4911
4916
4917
4928
4936
4938
4949
4950
4956
4960
4962
4966
4975
4979
5006
5007
5012
5017
5024
5026
5027
5033
5035
5050
5051
5053
5057
5083
5118
5120
5122
5123
5150
5153
5154
5160
5176
5177
5182
5189
5190
5196
5221
5234
5240
5245
5248
5255
5258
5262
5267
5298
5300
5301
5304
5309
5311
5320
5322
5325
5329
5338
5341
5357
5372
5373
5383
5388
5399
5414
5416
5418
5428
5434
5435
5438
5448
5454
5456
5461
5462
5472
5473
5508
5514
5528
5531
5532
5537
5542
5552
5562
5567
5570
5571
408
33
234
40
125
388
0
243
78
19
155
145
312
296
222
313
153
87
116
323
129
268
255
184
21
82
17
174
414
320
239
119
295
3
328
332
16
126
151
309
402
211
210
25
185
101
182
69
130
107
10
97
290
410
280
393
37
28
269
140
56
314
302
190
80
391
162
385
387
263
343
226
355
144
9
298
171
329
415
55
27
383
118
367
154
117
67
83
321
376
170
236
337
372
188
282
199
166
52
158
159
289
172
64
370
176
364
157
283
133
411
200
301
121
252
47
138
76
377
316
287
205
114
77
115
149
347
409
392
232
122
238
345
344
12
276
29
331
365
26
132
110
382
227
98
230
399
53
397
136
356
72
294
384
51
254
137
160
46
359
109
264
273
412
350
395
94
60
30
303
105
11
220
265
141
291
206
218
244
278
103
18
208
189
341
340
167
196
394
6
79
258
369
102
277
292
36
390
351
163
207
50
297
407
262
180
99
183
165
4
38
209
24
327
386
175
215
248
15
177
88
361
127
348
235
398
164
148
187
286
191
334
242
120
322
161
308
326
403
45
299
84
42
168
224
66
104
284
217
288
231
400
178
300
68
225
32
59
7
246
306
251
373
336
70
65
61
360
275
274
156
142
267
43
259
245
237
240
91
270
318
261
305
5
135
89
221
229
143
307
260
325
253
198
113
342
169
193
203
401
108
31
74
49
216
368
204
58
381
93
57
247
213
333
335
228
363
90
92
212
134
62
147
406
75
293
2
8
96
195
44
349
194
279
233
353
197
317
357
146
330
73
223
131
34
352
378
266
23
48
181
39
35
128
22
123
408
179
202
416
14
13
106
315
281
139
339
85
219
366
214
404
257
54
63
100
354
71
413
201
41
95
150
173
249
86
311
285
346
256
272
111
1
338
374
380
405
375
389
81
186
152
310
124
112
304
324
192
396
