113
87
88
117
121
129
183
186
193
211
213
224
263
316
319
399
403
404
427
435
444
521
525
529
555
560
561
599
602
613
617
621
711
723
741
745
771
792
832
839
843
853
856
869
876
891
941
985
1023
1029
1072
1137
1162
1177
1192
1273
1318
1320
1351
1367
1396
1398
1425
1434
1440
1496
1503
1521
1530
1593
1599
1618
1645
1669
1676
1722
1723
1744
1746
1773
1793
1804
1813
1859
1864
1896
1898
1958
1988
2009
2011
2013
2022
2033
2061
2062
2070
2077
2087
2096
2097
2122
2148
2158
2165
2170
2223
2224
2238
2239
2241
2246
2250
2254
98
19
105
12
30
120
25
76
28
104
81
45
77
87
58
116
86
75
111
112
42
38
70
80
6
117
50
94
3
132
121
89
98
48
20
84
27
56
83
15
53
23
107
125
26
128
16
91
69
100
46
14
40
113
85
13
29
106
34
133
55
60
95
2
51
73
18
32
37
0
5
93
4
126
71
79
62
110
44
114
59
74
123
52
47
9
39
122
64
90
65
54
31
72
88
124
35
17
109
