133
222
225
264
283
285
291
349
370
421
426
447
448
457
460
489
496
507
527
532
533
541
562
609
617
648
651
685
687
690
695
704
712
752
765
828
838
843
847
883
909
917
1017
1018
1039
1048
1080
1099
1100
1103
1112
1117
1137
1139
1202
1240
1247
1259
1264
1265
1279
1319
1336
1378
1394
1420
1421
1425
1435
1436
1474
1535
1588
1590
1591
1625
1641
1658
1660
1674
1680
1720
1726
1748
1754
1756
1763
1770
1789
1805
1809
1835
1843
1846
1872
1894
1910
1912
1929
1934
1944
1950
1976
1980
2065
2071
2075
2101
2102
2120
2162
2190
2199
2236
2239
2245
2260
2261
2285
2296
2298
2309
2319
2330
2349
2350
2359
2365
2370
2373
2375
2387
2412
2435
150
162
21
125
23
69
46
92
8
134
58
57
119
40
155
149
87
160
76
70
68
90
141
157
94
126
9
104
73
63
16
113
44
7
54
146
132
140
120
18
131
152
24
75
102
111
53
4
36
79
101
64
51
100
153
154
31
83
84
114
5
86
52
61
97
142
15
105
47
144
19
151
99
129
139
67
49
3
29
34
37
82
14
138
148
1
22
110
116
96
115
122
81
145
41
91
11
93
143
136
118
109
25
71
127
56
50
20
77
32
108
124
74
147
128
59
45
106
72
48
135
12
62
95
66
159
150
6
39
158
2
98
27
55
80
112
103
161
123
0
65
17
107
117
13
156
130
88
121
137
133
