674
33
47
54
58
83
96
97
110
118
121
123
130
143
159
160
177
189
211
212
215
218
251
293
304
326
333
343
345
350
356
370
372
381
389
393
424
433
434
456
473
475
477
490
503
526
540
544
551
565
571
582
608
614
615
635
639
655
664
667
668
669
678
686
696
698
717
722
723
724
734
738
758
761
769
781
782
785
786
787
804
806
812
834
890
896
900
904
906
920
921
929
934
980
981
986
997
1013
1018
1034
1053
1059
1060
1068
1072
1094
1099
1102
1108
1124
1133
1137
1183
1188
1208
1223
1226
1231
1234
1242
1248
1250
1266
1287
1305
1308
1321
1323
1333
1335
1344
1349
1352
1355
1368
1384
1386
1387
1391
1400
1407
1412
1418
1424
1426
1434
1437
1439
1450
1475
1476
1483
1492
1497
1501
1520
1522
1526
1527
1534
1543
1557
1566
1571
1588
1589
1599
1600
1605
1608
1617
1620
1622
1637
1640
1641
1644
1657
1675
1693
1714
1715
1723
1726
1740
1755
1756
1782
1794
1801
1802
1810
1823
1829
1835
1841
1844
1857
1864
1872
1877
1886
1889
1892
1894
1920
1949
1958
1963
1968
1974
2023
2038
2059
2061
2064
2079
2082
2113
2119
2130
2133
2136
2147
2149
2151
2158
2182
2185
2199
2211
2228
2243
2326
2346
2347
2363
2381
2383
2388
2389
2418
2437
2459
2468
2475
2484
2489
2501
2503
2512
2517
2518
2523
2524
2525
2534
2537
2545
2554
2570
2576
2579
2601
2602
2607
2636
2645
2664
2682
2684
2687
2693
2694
2706
2708
2713
2720
2724
2729
2740
2748
2765
2768
2776
2796
2819
2827
2834
2839
2854
2860
2865
2883
2884
2887
2897
2907
2924
2933
2939
2951
2970
2977
2988
2989
3001
3010
3011
3019
3023
3030
3043
3050
3064
3066
3086
3094
3096
3106
3107
3117
3136
3144
3171
3172
3176
3180
3183
3188
3192
3241
3245
3247
3248
3257
3265
3278
3290
3292
3296
3306
3325
3330
3342
3348
3352
3368
3370
3380
3383
3384
3387
3396
3404
3412
3414
3431
3435
3437
3455
3463
3465
3483
3485
3495
3504
3508
3510
3511
3526
3535
3537
3539
3552
3571
3577
3590
3597
3599
3615
3634
3638
3655
3670
3673
3677
3708
3710
3720
3730
3755
3763
3767
3775
3776
3785
3786
3793
3803
3816
3822
3830
3839
3846
3856
3859
3861
3863
3864
3876
3882
3888
3921
3931
3934
3947
3950
3958
3962
3970
3980
3982
3990
3992
3994
4017
4019
4023
4030
4045
4049
4057
4066
4073
4074
4077
4081
4093
4099
4101
4110
4123
4127
4133
4139
4145
4191
4196
4205
4208
4248
4259
4269
4277
4293
4322
4332
4336
4337
4356
4368
4385
4394
4409
4414
4418
4428
4452
4462
4470
4481
4484
4489
4502
4514
4515
4520
4538
4546
4552
4557
4559
4564
4570
4571
4578
4602
4603
4613
4614
4626
4628
4632
4650
4659
4661
4679
4704
4714
4722
4725
4750
4764
4773
4774
4776
4778
4779
4781
4797
4804
4822
4823
4830
4849
4853
4860
4867
4886
4891
4895
4896
4920
4922
4923
4927
4929
4949
4952
4983
4995
4997
4998
5012
5044
5069
5078
5082
5088
5089
5094
5124
5126
5132
5135
5154
5158
5173
5189
5194
5205
5209
5220
5228
5237
5243
5248
5272
5278
5282
5293
5294
5305
5306
5389
5391
5406
5408
5412
5418
5430
5435
5438
5441
5451
5464
5466
5471
5498
5507
5545
5547
5563
5578
5585
5601
5605
5607
5608
5611
5614
5625
5635
5636
5649
5655
5656
5685
5705
5706
5709
5711
5718
5735
5744
5754
5761
5781
5791
5803
5824
5834
5840
5887
5909
5932
5935
5936
5948
5950
5952
5958
5967
5973
5989
5990
6004
6013
6017
6035
6039
6041
6076
6104
6112
6124
6129
6139
6148
6154
6166
6171
6175
6177
6178
6196
6212
6214
6229
6236
6246
6249
6273
6275
6284
6287
6290
6296
6302
6307
6316
6340
6341
6344
6351
6352
6353
6356
6365
6366
6369
6408
6423
6430
172
0
124
78
24
160
63
66
20
9
115
143
46
61
169
58
148
106
25
42
167
65
137
168
102
59
92
158
96
145
15
19
50
157
62
2
178
14
139
52
76
74
165
88
90
154
117
41
121
129
86
44
31
104
17
112
138
123
80
91
147
116
47
107
43
32
37
174
118
94
100
3
29
152
99
122
4
51
153
18
5
113
135
36
131
10
155
172
93
103
83
85
164
142
56
119
67
125
156
109
64
22
108
21
1
150
49
146
126
11
38
101
16
111
82
87
54
171
173
97
170
162
33
144
13
79
30
27
55
75
35
69
7
151
70
8
6
105
48
128
114
159
140
141
23
12
95
45
130
72
134
166
34
53
127
57
26
175
176
120
81
133
161
132
28
73
71
163
77
60
89
110
149
