272
14
27
45
51
52
55
62
106
107
134
137
154
155
171
176
187
204
210
234
237
248
262
265
270
275
277
279
285
286
294
306
320
321
325
342
349
360
368
370
395
399
400
403
408
413
419
422
444
457
461
466
467
500
502
503
527
531
534
536
542
544
551
557
561
567
597
635
639
640
650
677
693
698
725
736
758
763
778
779
787
788
802
816
819
840
845
861
862
865
871
874
904
909
918
947
957
997
999
1006
1014
1031
1040
1044
1069
1073
1075
1113
1116
1130
1136
1138
1158
1168
1195
1199
1201
1219
1234
1238
1243
1245
1246
1248
1253
1259
1265
1268
1273
1281
1291
1293
1294
1312
1316
1328
1338
1350
1365
1366
1370
1374
1375
1386
1389
1392
1396
1397
1439
1442
1449
1455
1456
1466
1469
1502
1506
1517
1526
1531
1532
1540
1542
1548
1549
1563
1567
1570
1582
1585
1588
1594
1597
1598
1607
1631
1633
1638
1639
1645
1673
1678
1692
1694
1708
1709
1724
1728
1761
1791
1799
1805
1811
1828
1832
1846
1856
1865
1871
1873
1887
1915
1916
1918
1928
1938
1960
1965
1971
1977
1997
2005
2007
2017
2032
2044
2046
2047
2051
2058
2062
2065
2090
2093
2097
2099
2107
2118
2120
2133
2183
2186
2193
2224
2227
2236
2239
2242
2265
2269
2280
2281
2282
2286
2295
2306
2317
2319
2348
2357
2360
2391
2392
2434
2443
2449
2460
2494
2507
2530
2535
2538
2545
2555
2558
2566
2570
2581
2593
2608
2613
2615
2621
160
67
136
35
78
143
110
99
66
60
87
71
83
77
117
29
86
140
155
91
152
5
80
111
56
135
27
32
7
112
102
39
141
131
33
79
47
122
147
20
0
81
65
70
82
149
24
4
21
26
6
97
126
89
53
37
68
129
54
98
94
10
44
133
159
157
142
13
148
1
45
118
138
40
90
144
3
63
72
58
128
114
48
127
113
120
85
134
76
25
11
116
109
43
84
15
28
18
57
34
156
153
17
145
8
64
158
151
103
121
38
100
23
130
107
115
42
154
137
88
74
69
51
124
46
50
55
150
31
75
61
125
52
59
19
96
62
119
2
101
41
73
16
108
93
106
132
30
22
104
9
146
92
95
36
12
105
14
123
139
160
