5398
3
8
12
16
17
20
22
25
39
40
44
46
73
75
79
96
98
106
108
120
122
124
125
129
162
163
166
167
169
170
175
176
184
186
194
203
209
213
216
220
222
226
227
239
255
258
259
266
270
273
284
291
302
304
308
317
320
324
333
341
343
354
358
372
373
377
378
381
387
408
409
413
420
421
423
427
436
443
450
457
462
474
475
477
480
481
490
491
492
493
503
504
507
517
534
536
541
544
549
552
553
555
559
563
565
578
579
580
585
586
589
601
604
617
618
631
636
641
655
661
665
667
673
674
676
678
679
690
691
693
694
702
705
708
713
731
734
737
739
740
782
786
788
795
808
812
813
816
821
834
840
841
860
864
904
906
908
931
942
946
947
953
957
964
965
966
968
969
970
975
976
982
983
986
992
1005
1006
1008
1010
1013
1014
1015
1016
1017
1026
1038
1043
1051
1059
1068
1071
1075
1086
1088
1091
1093
1100
1105
1106
1109
1116
1125
1129
1131
1132
1139
1143
1146
1150
1156
1157
1163
1165
1180
1184
1189
1204
1205
1209
1214
1215
1217
1219
1221
1223
1228
1229
1241
1246
1250
1252
1263
1265
1266
1269
1271
1273
1277
1282
1284
1288
1289
1294
1300
1302
1305
1309
1312
1315
1316
1318
1320
1321
1324
1328
1329
1333
1343
1350
1357
1361
1369
1370
1377
1378
1379
1380
1381
1386
1388
1389
1390
1393
1396
1399
1405
1408
1415
1417
1438
1439
1440
1450
1454
1460
1472
1474
1477
1483
1484
1488
1493
1496
1501
1503
1510
1513
1523
1524
1532
1533
1537
1542
1547
1549
1550
1555
1556
1559
1565
1571
1588
1609
1618
1619
1622
1628
1631
1635
1636
1641
1644
1646
1655
1659
1668
1670
1673
1674
1683
1685
1687
1692
1696
1700
1709
1723
1729
1738
1744
1747
1748
1756
1763
1771
1774
1775
1782
1785
1796
1798
1799
1800
1803
1808
1828
1838
1842
1843
1845
1848
1849
1859
1865
1868
1872
1876
1878
1879
1885
1886
1896
1898
1907
1908
1913
1914
1918
1919
1920
1928
1939
1943
1954
1963
1965
1969
1970
1972
1973
1976
1978
1983
1986
1987
1989
2000
2002
2005
2007
2012
2015
2016
2018
2025
2040
2044
2046
2050
2058
2064
2067
2076
2086
2090
2093
2102
2114
2120
2128
2129
2136
2141
2144
2145
2149
2151
2154
2155
2158
2160
2164
2170
2171
2172
2174
2177
2185
2193
2197
2200
2212
2215
2224
2234
2235
2240
2241
2243
2269
2271
2272
2273
2278
2284
2288
2290
2295
2304
2310
2314
2325
2327
2328
2335
2347
2353
2358
2369
2372
2375
2379
2388
2392
2404
2411
2434
2443
2445
2447
2448
2452
2456
2464
2484
2510
2518
2527
2529
2533
2554
2558
2560
2562
2564
2577
2585
2588
2598
2611
2615
2618
2619
2620
2621
2645
2649
2659
2668
2671
2673
2675
2679
2681
2684
2686
2695
2698
2700
2704
2705
2707
2715
2716
2717
2719
2722
2727
2730
2734
2736
2739
2743
2747
2748
2762
2764
2769
2784
2789
2795
2797
2799
2812
2829
2835
2846
2847
2852
2856
2862
2874
2877
2900
2908
2916
2923
2929
2930
2931
2936
2944
2948
2955
2957
2959
2960
2963
2973
2974
2975
2980
2989
2992
2996
2997
3013
3014
3032
3048
3074
3079
3081
3084
3088
3092
3095
3096
3098
3104
3116
3129
3130
3132
3145
3155
3156
3157
3167
3169
3181
3182
3184
3186
3196
3198
3201
3207
3210
3216
3217
3219
3230
3235
3238
3259
3279
3287
3295
3296
3308
3320
3323
3324
3330
3331
3333
3334
3337
3340
3343
3344
3345
3351
3353
3374
3378
3398
3400
3401
3415
3419
3426
3432
3435
3440
3442
3443
3449
3450
3451
3457
3459
3461
3471
3479
3482
3487
3489
3496
3499
3508
3509
3515
3519
3525
3529
3534
3540
3546
3551
3557
3563
3569
3570
3571
3572
3592
3596
3599
3600
3605
3609
3615
3616
3618
3620
3621
3626
3627
3636
3638
3639
3650
3656
3663
3666
3674
3685
3694
3696
3704
3714
3723
3724
3725
3729
3730
3731
3732
3741
3752
3754
3760
3765
3771
3782
3784
3785
3796
3799
3802
3806
3812
3819
3838
3840
3841
3844
3850
3857
3864
3865
3867
3868
3876
3892
3911
3914
3916
3918
3923
3932
3936
3937
3940
3941
3944
3948
3951
3959
3971
3972
3982
4019
4021
4022
4026
4029
4034
4035
4036
4037
4041
4043
4047
4048
4051
4056
4057
4079
4090
4117
4121
4126
4128
4135
4136
4138
4141
4142
4155
4159
4161
4163
4181
4183
4184
4192
4194
4197
4198
4206
4210
4215
4221
4222
4223
4225
4230
4232
4250
4254
4261
4270
4271
4284
4286
4292
4303
4304
4311
4314
4324
4326
4327
4340
4347
4351
4356
4360
4368
4372
4373
4379
4389
4392
4401
4413
4417
4421
4422
4426
4430
4441
4443
4445
4447
4451
4452
4455
4456
4457
4461
4462
4472
4475
4476
4478
4480
4490
4494
4509
4511
4519
4526
4529
4530
4534
4539
4545
4549
4559
4560
4562
4568
4574
4575
4582
4586
4587
4601
4606
4610
4620
4622
4629
4639
4640
4648
4655
4658
4671
4672
4674
4677
4703
4704
4707
4711
4715
4725
4733
4746
4769
4777
4778
4790
4796
4800
4805
4812
4817
4825
4851
4859
4863
4868
4869
4870
4871
4876
4879
4883
4885
4893
4896
4906
4917
4919
4921
4922
4923
4925
4928
4938
4940
4944
4949
4950
4958
4964
4967
4972
4974
4983
4988
4989
4991
4996
4999
5015
5018
5022
5031
5034
5040
5046
5055
5067
5070
5072
5073
5075
5087
5088
5104
5108
5112
5113
5115
5128
5129
5137
5140
5144
5145
5147
5148
5151
5160
5163
5166
5167
5173
5182
5185
5188
5189
5192
5195
5196
5198
5202
5204
5206
5214
5225
5236
5244
5245
5249
5252
5254
5256
5274
5277
5280
5283
5291
5308
5312
5313
5314
5319
5323
5326
5339
5341
5350
5355
5377
5380
5386
5389
5397
5406
5407
5417
5418
5425
5430
5456
5458
5459
5464
5465
5467
5470
5471
5473
5474
5488
5490
5500
5506
5510
5514
5520
5528
5534
5537
5539
5541
5549
5551
5553
5567
5572
5573
5592
5597
5613
5615
5622
5623
5624
5626
5629
5630
5634
5635
5639
5645
5652
5657
5665
5668
5670
5672
5675
5676
5683
5693
5698
5701
5709
5713
5715
5724
5725
5728
5742
5745
5750
5759
5762
5767
5772
5778
5789
5795
5808
5809
5813
5819
5841
5847
5850
5853
5867
5876
5879
5880
5885
5889
5894
5900
5904
5916
5924
5925
5932
5935
5943
5945
5957
5976
5982
5988
5992
6005
6009
6011
6014
6043
6049
6051
6062
6072
6077
6082
6083
6085
6092
6094
6097
6106
6112
6120
6122
6125
6135
6136
6139
6141
6151
6161
6165
6166
6174
6178
6180
6187
6191
6192
6197
6206
6214
6215
6221
6226
6228
6235
6247
6248
6254
6255
6259
6260
6266
6275
6280
6281
6282
6286
6291
6304
6308
6313
6314
6315
6321
6328
6332
6335
6345
6350
6358
6359
6360
6361
6364
6367
6373
6374
6379
6380
6391
6392
6394
6403
6419
6425
6429
6442
6453
6457
6459
6461
6464
6465
6471
6476
6487
6496
6497
6500
6505
6509
6513
6520
6521
6524
6525
6528
6529
6531
6538
6539
6547
6552
6558
6561
6568
6571
6575
6577
6583
6585
6586
6592
6593
6595
6604
6608
6611
6620
6621
6623
6632
6634
6652
6656
6662
6663
6665
6666
6668
6671
6675
6676
6693
6695
6697
6708
6712
6717
6725
6727
6728
6733
6734
6736
6744
6745
6746
6747
6749
6751
6752
6762
6763
6764
6766
6775
6781
6782
6786
6787
6791
6792
6794
6795
6797
6800
6805
6809
6820
6823
6826
6830
6843
6861
6864
6869
6874
6877
6879
6880
6882
6899
6901
6905
6910
6913
6918
6921
6925
6929
6935
6936
6940
6943
6944
6949
6950
6952
6962
6975
6978
6979
6982
6987
6990
7001
7012
7025
7026
7031
7032
7035
7040
7045
7048
7049
7052
7054
7057
7060
7062
7063
7064
7065
7069
7073
7079
7081
7088
7090
7102
7109
7112
7114
7120
7125
7129
7133
7137
7142
7145
7153
7161
7163
7166
7171
7175
7188
7190
7194
7202
7204
7208
7217
7221
7239
7242
7249
7259
7263
7269
7270
7290
7299
7303
7307
7327
7340
7344
7352
7360
7364
7368
7372
7380
7389
7401
7402
7420
7421
7430
7433
7435
7439
7450
7464
7468
7473
7480
7484
7491
7498
7499
7507
7509
7510
7521
7528
7531
7541
7542
7548
7559
7564
7567
7572
7573
7576
7577
7591
7594
7603
7610
7613
7614
7616
7617
7619
7623
7633
7637
7647
7653
7659
7666
7667
7676
7677
7682
7683
7689
7698
7703
7712
7714
7721
7722
7724
7725
7738
7742
7747
7749
7756
7764
7766
7770
7773
7776
7778
7787
7791
7792
7800
7804
7811
7812
7816
7818
7819
7820
7821
7827
7831
7839
7843
7846
7852
7853
7860
7867
7873
7879
7893
7894
7900
7906
7907
7916
7923
7925
7927
7928
7939
7940
7946
7951
7952
7957
7963
7970
7988
7990
8011
8012
8022
8029
8030
8049
8051
8058
8061
8063
8068
8069
8081
8082
8086
8089
8092
8108
8111
8117
8125
8130
8132
8143
8144
8145
8148
8151
8153
8172
8176
8178
8181
8191
8193
8200
8205
8208
8211
8213
8214
8216
8225
8229
8234
8237
8256
8261
8262
8265
8267
8268
8272
8307
8317
8323
8331
8333
8334
8335
8336
8338
8345
8349
8352
8373
8377
8387
8390
8397
8398
8407
8410
8411
8412
8413
8414
8417
8421
8424
8425
8435
8437
8438
8448
8451
8455
8457
8458
8460
8464
8466
8467
8470
8475
8484
8485
8486
8489
8491
8495
8496
8508
8522
8523
8527
8544
8549
8560
8570
8579
8583
8593
8609
8615
8616
8617
8621
8623
8646
8650
8654
8658
8659
8660
8668
8669
8671
8675
8678
8679
8682
8684
8685
8687
8700
8702
8708
8710
8714
8721
8725
8726
8740
8742
8744
8747
8753
8756
8760
8766
8775
8776
8779
8781
8782
8791
8794
8800
8802
8818
8819
8822
8828
8829
8830
8838
8842
8850
8853
8860
8864
8867
8872
8883
8905
8912
8927
8934
8937
8941
8946
8949
8950
8955
8959
8961
8964
8979
8980
8993
8999
9004
9005
9006
9007
9010
9014
9024
9027
9032
9039
9062
9064
9067
9074
9077
9079
9084
9102
9105
9114
9116
9117
9127
9133
9144
9146
9148
9149
9154
9155
9158
9161
9168
9173
9175
9182
9183
9186
9188
9189
9191
9195
9197
9204
9224
9225
9228
9229
9238
9253
9256
9258
9260
9263
9267
9269
9271
9272
9273
9276
9284
9290
9302
9304
9307
9312
9315
9321
9322
9328
9331
9338
9339
9342
9344
9346
9353
9358
9359
9362
9363
9364
9365
9369
9370
9379
9382
9398
9401
9409
9413
9419
9430
9432
9435
9439
9441
9442
9451
9454
9457
9458
9463
9464
9470
9475
9476
9481
9490
9498
9499
9504
9507
9511
9512
9513
9515
9516
9519
9525
9526
9533
9534
9551
9552
9553
9554
9556
9558
9571
9577
9578
9579
9582
9606
9616
9617
9629
9632
9641
9643
9650
9653
9656
9664
9671
9679
9680
9683
9684
9686
9688
9693
9695
9707
9716
9723
9730
9732
9738
9739
9743
9752
9755
9757
9764
9768
9770
9773
9775
9785
9786
9787
9791
9796
9797
9800
9802
9809
9812
9815
9817
9819
9821
9835
9838
9841
9843
9848
9850
9859
9868
9869
9870
9874
9877
9878
9888
9891
9892
9893
9899
9906
9907
9915
9926
9927
9928
9939
9940
9941
9947
9960
9967
9969
9979
9982
9987
9995
10001
10011
10015
10020
10022
10023
10024
10027
10029
10039
10053
10059
10062
10064
10070
10071
10079
10091
10096
10101
10105
10110
10111
10122
10131
10139
10140
10150
10161
10164
10167
10172
10174
10177
10187
10189
10193
10196
10201
10208
10214
10216
10226
10228
10229
10240
10243
10244
10250
10251
10253
10255
10261
10274
10283
10292
10299
10305
10309
10317
10325
10328
10334
10339
10349
10352
10362
10366
10371
10379
10384
10389
10398
10411
10413
10424
10428
10429
10431
10443
10449
10457
10458
10461
10474
10477
10478
10482
10485
10491
10494
10495
10500
10502
10506
10515
10525
10528
10530
10532
10540
10545
10547
10554
10562
10563
10565
10570
10573
10575
10576
10584
10586
10588
10590
10597
10612
10614
10618
10628
10637
10649
10662
10668
10671
10686
10692
10697
10703
10712
10713
10720
10731
10733
10744
10757
10761
10770
10781
10784
10786
10789
10795
10802
10803
10805
10812
10818
10825
10828
10831
10832
10839
10840
10844
10856
10877
10886
10898
10899
10900
10902
10906
10911
10915
10920
10925
10926
10928
10933
10936
10941
10946
10949
10953
10957
10959
10965
10966
10970
11009
11011
11012
11024
11025
11026
11045
11046
11051
11053
11054
11067
11076
11084
11099
11102
11105
11110
11125
11130
11142
11151
11152
11153
11156
11157
11159
11161
11164
11169
11183
11192
11199
11200
11211
11223
11227
11228
11229
11230
11233
11236
11239
11243
11244
11246
11247
11248
11252
11262
11263
11286
11288
11289
11293
11299
11311
11313
11315
11320
11323
11334
11346
11350
11361
11365
11384
11403
11414
11430
11437
11445
11456
11460
11472
11474
11481
11482
11501
11506
11508
11509
11511
11513
11521
11527
11528
11529
11530
11542
11554
11555
11562
11566
11581
11586
11594
11606
11611
11625
11637
11641
11643
11651
11653
11661
11665
11671
11674
11677
11680
11683
11689
11693
11698
11701
11702
11704
11708
11715
11719
11721
11735
11743
11744
11749
11757
11760
11761
11769
11773
11774
11775
11776
11792
11798
11801
11802
11803
11804
11806
11808
11810
11816
11820
11823
11827
11841
11848
11849
11856
11857
11859
11870
11880
11883
11893
11904
11906
11910
11911
11920
11933
11939
11944
11948
11949
11953
11959
11962
11966
11975
11982
11988
11990
11991
12013
12014
12017
12033
12034
12038
12039
12043
12047
12054
12055
12058
12062
12069
12073
12081
12083
12103
12121
12122
12126
12129
12135
12136
12140
12149
12155
12160
12164
12167
12171
12187
12194
12195
12211
12212
12215
12220
12233
12237
12238
12249
12250
12260
12267
12274
12288
12290
12291
12302
12304
12318
12327
12331
12332
12336
12339
12354
12359
12361
12366
12384
12394
12395
12396
12401
12403
12404
12409
12410
12413
12415
12427
12433
12434
12441
12446
12447
12451
12454
12456
12460
12461
12467
12470
12471
12472
12478
12484
12487
12489
12499
12501
12507
12518
12522
12525
12528
12538
12542
12545
12550
12554
12561
12563
12573
12580
12581
12584
12586
12597
12609
12612
12621
12629
12630
12631
12633
12636
12638
12639
12647
12649
12658
12676
12677
12678
12699
12703
12704
12727
12728
12730
12733
12734
12735
12739
12747
12764
12770
12775
12776
12782
12791
12797
12800
12811
12812
12814
12820
12829
12835
12856
12858
12859
12862
12883
12902
12912
12915
12918
12919
12923
12952
12958
12960
12965
12971
12972
12974
12989
12991
13003
13012
13015
13027
13029
13030
13038
13042
13045
13059
13062
13067
13068
13071
13072
13077
13080
13086
13087
13093
13101
13105
13107
13108
13110
13114
13116
13118
13119
13129
13132
13141
13145
13147
13154
13166
13172
13193
13197
13204
13212
13215
13217
13221
13228
13230
13234
13237
13247
13249
13250
13251
13252
13257
13261
13262
13264
13265
13268
13274
13283
13286
13290
13300
13307
13321
13323
13328
13330
13336
13342
13351
13356
13361
13363
13366
13372
13375
13377
13406
13413
13415
13419
13424
13427
13429
13434
13443
13444
13450
13462
13467
13469
13470
13475
13481
13486
13487
13488
13494
13496
13498
13509
13512
13515
13516
13526
13528
13532
13533
13535
13536
13541
13551
13553
13554
13570
13577
13579
13580
13588
13589
13594
13595
13597
13599
13601
13602
13603
13617
13623
13625
13629
13631
13632
13636
13637
13639
13649
13651
13652
13659
13664
13667
13677
13681
13686
13689
13693
13699
13703
13705
13707
13709
13723
13734
13735
13736
13738
13742
13744
13746
13772
13777
13778
13781
13785
13790
13796
13808
13818
13822
13823
13824
13825
13830
13834
13835
13841
13846
13848
13851
13856
13864
13870
13887
13899
13904
13910
13913
13920
13931
13936
13942
13979
13988
13991
13994
14002
14004
14010
14012
14019
14028
14034
14041
14042
14051
14056
14063
14067
14071
14078
14080
14082
14084
14091
14097
14098
14102
14111
14113
14118
14123
14128
14139
14146
14153
14154
14155
14156
14157
14160
14164
14174
14176
14181
14192
14194
14202
14208
14212
14214
14225
14228
14229
14233
14243
14250
14255
14258
14265
14270
14271
14273
14276
14277
14283
14291
14296
14298
14299
14307
14316
14325
14329
14337
14342
14351
14353
14357
14359
14362
14383
14385
14388
14390
14393
14395
14399
14401
14402
14405
14406
14422
14425
14426
14432
14434
14438
14444
14447
14448
14449
14450
14457
14461
14473
14477
14479
14494
14498
14504
14510
14514
14519
14527
14528
14529
14537
14538
14542
14547
14549
14550
14557
14561
14562
14565
14578
14582
14592
14599
14600
14603
14607
14609
14611
14618
14621
14626
14632
14635
14638
14640
14644
14647
14649
14651
14657
14671
14672
14674
14680
14696
14701
14702
14703
14707
14718
14719
14724
14725
14736
14739
14753
14754
14760
14763
14765
14766
14776
14780
14783
14785
14790
14795
14797
14799
14803
14817
14831
14839
14850
14854
14855
14857
14863
14876
14881
14882
14884
14887
14898
14905
14914
14916
14924
14928
14931
14940
14948
14950
14951
14956
14961
14965
14967
14985
15000
15005
15011
15024
15027
15036
15037
15042
15065
15066
15069
15071
15082
15110
15113
15116
15118
15120
15121
15122
15126
15127
15129
15139
15140
15141
15142
15144
15146
15156
15159
15178
15181
15190
15198
15199
15200
15209
15218
15219
15230
15236
15243
15246
15252
15258
15266
15275
15276
15286
15287
15291
15304
15308
15309
15316
15324
15327
15336
15340
15350
15353
15354
15356
15365
15371
15376
15388
15400
15402
15404
15406
15407
15408
15410
15411
15415
15432
15445
15447
15451
15452
15456
15459
15469
15470
15475
15485
15488
15492
15497
15500
15504
15506
15512
15518
15522
15527
15537
15544
15549
15552
15554
15557
15565
15566
15575
15576
15587
15593
15600
15601
15603
15605
15608
15612
15616
15617
15621
15633
15635
15641
15642
15649
15653
15654
15665
15666
15674
15677
15678
15679
15691
15693
15698
15704
15705
15711
15721
15722
15736
15737
15742
15743
15750
15753
15758
15761
15775
15776
15794
15800
15810
15811
15812
15819
15820
15835
15844
15849
15853
15858
15861
15865
15866
15874
15878
15880
15883
15884
15885
15904
15909
15914
15921
15922
15927
15930
15934
15939
15951
15962
15963
15964
15970
15976
15983
15986
15987
15990
15993
15994
15996
16002
16003
16009
16011
16012
16028
16048
16050
16052
16058
16059
16072
16077
16081
16089
16093
16100
16112
16115
16116
16119
16126
16129
16139
16149
16150
16154
16156
16165
16168
16176
16181
16185
16186
16187
16189
16190
16192
16196
16203
16209
16213
16228
16242
16254
16255
16260
16262
16268
16274
16278
16283
16287
16302
16310
16318
16326
16327
16337
16344
16353
16356
16364
16366
16367
16381
16382
16385
16389
16391
16392
16396
16398
16402
16410
16415
16422
16423
16425
16427
16430
16433
16448
16467
16469
16475
16479
16497
16498
16501
16503
16531
16543
16550
16551
16553
16564
16575
16597
16601
16606
16614
16616
16619
16627
16629
16630
16631
16635
16645
16646
16648
16649
16659
16664
16667
16673
16675
16677
16680
16685
16692
16698
16718
16721
16723
16725
16729
16731
16737
16758
16759
16760
16769
16774
16775
16781
16782
16784
16788
16790
16799
16818
16821
16825
16828
16831
16838
16843
16849
16858
16861
16870
16874
16880
16882
16886
16891
16899
16901
16902
16904
16905
16908
16912
16923
16927
16932
16943
16945
16953
16955
16961
16964
16982
16984
16985
16988
16992
16994
16997
16998
17002
17003
17006
17008
17022
17027
17029
17033
17034
17045
17046
17047
17049
17051
17066
17072
17077
17082
17084
17100
17106
17111
17113
17120
17121
17130
17131
17145
17150
17155
17156
17163
17165
17174
17179
17182
17185
17186
17190
17191
17192
17200
17204
17214
17227
17236
17239
17245
17249
17250
17253
17254
17255
17261
17262
17267
17270
17271
17279
17282
17287
17295
17304
17305
17315
17322
17326
17327
17328
17330
17334
17337
17349
17351
17353
17363
17364
17374
17381
17384
17385
17388
17398
17406
17409
17410
17413
17418
17422
17433
17435
17439
17447
17448
17462
17469
17476
17488
17504
17506
17507
17513
17515
17517
17527
17532
17537
17538
17545
17553
17554
17558
17564
17567
17570
17575
17578
17579
17585
17589
17590
17594
17595
17597
17609
17613
17615
17625
17631
17639
17644
17647
17649
17651
17654
17661
17671
17673
17678
17683
17685
17696
17702
17706
17709
17715
17725
17728
17739
17741
17744
17752
17761
17764
17765
17774
17782
17784
17785
17795
17799
17802
17808
17810
17825
17827
17830
17833
17841
17843
17849
17872
17875
17880
17884
17893
17894
17899
17914
17922
17924
17931
17932
17944
17950
17952
17960
17961
17973
17981
17983
17989
18001
18003
18006
18008
18017
18019
18025
18040
18041
18047
18050
18054
18056
18066
18068
18081
18097
18103
18104
18109
18113
18115
18123
18133
18138
18145
18152
18155
18161
18168
18170
18171
18192
18198
18202
18209
18212
18213
18214
18217
18222
18246
18247
18255
18260
18261
18266
18284
18307
18310
18320
18322
18333
18335
18336
18353
18354
18355
18360
18364
18367
18384
18390
18391
18393
18394
18397
18419
18422
18426
18435
18440
18444
18445
18446
18449
18461
18465
18466
18467
18471
18475
18480
18481
18485
18487
18505
18506
18510
18514
18517
18522
18523
18531
18532
18535
18538
18540
18542
18544
18545
18549
18550
18551
18552
18553
18555
18561
18566
18569
18576
18579
18581
18590
18603
18612
18617
18623
18624
18631
18647
18650
18654
18655
18661
18663
18674
18686
18688
18691
18696
18717
18719
18730
18732
18735
18752
18757
18758
18760
18774
18776
18779
18780
18784
18785
18787
18789
18792
18802
18804
18811
18812
18813
18817
18819
18821
18826
18828
18834
18842
18850
18862
18866
18867
18868
18870
18872
18882
18885
18886
18889
18890
18896
18902
18907
18910
18915
18917
18922
18931
18936
18939
18950
18952
18955
18956
18957
18958
18965
18968
18970
18971
18972
18979
18981
18994
18997
18999
19002
19003
19005
19009
19011
19015
19017
19020
19025
19030
19032
19033
19036
19038
19050
19073
19075
19083
19092
19095
19099
19100
19104
19111
19115
19129
19131
19135
19152
19165
19167
19168
19176
19180
19190
19195
19210
19215
19216
19228
19229
19238
19248
19249
19251
19253
19258
19260
19268
19281
19289
19296
19301
19303
19312
19319
19324
19336
19339
19340
19345
19356
19358
19375
19386
19394
19402
19403
19404
19410
19413
19429
19443
19447
19451
19456
19461
19463
19466
19467
19479
19484
19488
19490
19492
19497
19504
19522
19529
19534
19539
19544
19545
19550
19554
19558
19562
19577
19585
19588
19590
19592
19595
19598
19601
19606
19608
19614
19616
19630
19638
19640
19650
19656
19659
19667
19676
19704
19705
19706
19707
19710
19711
19713
19716
19722
19726
19729
19733
19736
19741
19742
19743
19746
19752
19754
19760
19765
19767
19772
19774
19776
19781
19802
19815
19822
19824
19825
19826
19842
19843
19845
19847
19848
19849
19858
19862
19872
19873
19875
19882
19888
19890
19893
19901
19904
19905
19908
19910
19915
19920
19921
19934
19954
19956
19961
19966
19969
19970
19972
19978
19979
19983
20003
20005
20007
20015
20033
20035
20043
20046
20055
20063
20067
20074
20077
20082
20085
20106
20107
20111
20112
20113
20114
20119
20129
20130
20133
20139
20143
20145
20150
20152
20160
20162
20163
20167
20177
20179
20183
20191
20195
20207
20212
20215
20216
20218
20219
20220
20235
20245
20265
20271
20272
20276
20277
20281
20282
20286
20288
20289
20290
20299
20300
20304
20305
20314
20320
20321
20328
20331
20334
20335
20337
20341
20344
20348
20350
20360
20364
20366
20372
20376
20379
20380
20390
20392
20401
20402
20411
20416
20424
20426
20429
20432
20434
20435
20443
20444
20445
20454
20462
20465
20479
20481
20482
20484
20487
20493
20504
20516
20522
20527
20534
20544
20546
20549
20562
20563
20567
20574
20576
20578
20584
20594
20601
20602
20604
20605
20617
20619
20620
20628
20631
20632
20643
20661
20669
20673
20674
20679
20681
20683
20686
20691
20697
20699
20707
20722
20725
20726
20729
20735
20737
20741
20742
20748
20762
20770
20775
20777
20783
20795
20797
20811
20813
20818
20827
20828
20830
20834
20838
20844
20851
20852
20856
20860
20869
20873
20875
20878
20879
20885
20891
20924
20925
20932
20933
20936
20939
20948
20953
20957
20962
20965
20966
20968
20970
20973
20976
20980
20982
20989
21011
21012
21015
21017
21018
21030
21038
21041
21058
21072
21073
21076
21087
21100
21105
21107
21113
21121
21132
21142
21146
21152
21157
21159
21164
21166
21175
21201
21202
21204
21206
21210
21220
21228
21233
21241
21244
21251
21255
21264
21266
21274
21279
21280
21290
21291
21292
21293
21295
21299
21300
21305
21310
21317
21318
21333
21349
21353
21355
21357
21364
21370
21386
21390
21392
21397
21401
21405
21416
21428
21432
21434
21437
21438
21445
21450
21459
21463
21474
21481
21483
21496
21500
21508
21518
21524
21529
21536
21548
21551
21559
21561
21568
21580
21581
21597
21623
21628
21640
21646
21650
21651
21656
21661
21668
21669
21672
21673
21674
21678
21681
21682
21689
21697
21717
21719
21724
21730
21731
21732
21745
21748
21756
21757
21760
21774
21783
21794
21798
21802
21817
21828
21834
21840
21843
21854
21860
21861
21863
21870
21873
21880
21883
21888
21891
21907
21914
21917
21924
21945
21949
21951
21955
21958
21961
21962
21972
21977
21980
21981
21990
22005
22006
22018
22020
22027
22031
22037
22043
22048
22054
22061
22071
22075
22079
22083
22084
22086
22092
22105
22109
22129
22130
22131
22135
22157
22163
22168
22175
22177
22193
22194
22197
22198
22201
22207
22210
22212
22213
22214
22221
22223
22225
22235
22240
22246
22247
22250
22251
22265
22286
22297
22304
22308
22318
22319
22324
22328
22332
22342
22367
22382
22392
22397
22400
22403
22418
22424
22429
22430
22443
22451
22454
22455
22460
22461
22469
22479
22486
22490
22499
22502
22503
22510
22513
22516
22519
22521
22522
22530
22536
22538
22544
22546
22551
22555
22556
22559
22562
22565
22568
22571
22573
22580
22581
22586
22591
22594
22595
22602
22603
22606
22612
22622
22624
22631
22637
22639
22640
22641
22642
22649
22657
22660
22673
22680
22682
22685
22688
22691
22693
22697
22699
22705
22715
22716
22727
22729
22734
22738
22745
22751
22754
22758
22778
22786
22788
22792
22796
22798
22799
22803
22808
22812
22823
22824
22832
22841
22850
22851
22852
22853
22858
22859
22861
22864
22869
22875
22898
22900
22904
22913
22914
22917
22919
22921
22928
22929
22931
22938
22943
22961
22967
22979
22984
22987
22998
23003
23004
23005
23016
23021
23023
23030
23033
23035
23038
23040
23049
23053
23054
23061
23063
23064
23070
23093
23097
23101
23105
23113
23116
23118
23119
23122
23124
23130
23135
23145
23148
23160
23162
23175
23180
23182
23204
23208
23211
23215
23230
23233
23242
23251
23254
23262
23263
23268
23271
23272
23275
23276
23278
23280
23286
23295
23297
23305
23318
23323
23328
23333
23338
23340
23347
23350
23351
23352
23354
23355
23356
23362
23366
23369
23381
23392
23402
23409
23413
23421
23434
23437
23440
23441
23454
23458
23462
23465
23466
23476
23478
23479
23481
23484
23493
23495
23497
23504
23510
23520
23521
23524
23529
23534
23535
23554
23558
23560
23564
23565
23569
23570
23572
23573
23579
23585
23595
23601
23608
23610
23619
23621
23639
23643
23650
23654
23664
23667
23670
23677
23679
23685
23687
23697
23710
23711
23716
23720
23725
23727
23729
23731
23735
23736
23750
23751
23755
23758
23765
23772
23775
23780
23792
23794
23797
23802
23804
23809
23814
23824
23829
23839
23841
23842
23850
23853
23857
23859
23861
23863
23865
23869
23870
23875
23880
23884
23886
23887
23890
23892
23898
23903
23906
23907
23915
23923
23924
23925
23930
23931
23932
23941
23953
23957
23959
23962
23966
23967
23968
23969
23974
23977
23994
24003
24006
24009
24011
24019
24020
24042
24043
24048
24054
24058
24059
24063
24065
24070
24071
24072
24076
24077
24078
24082
24087
24090
24094
24095
24097
24099
24105
24112
24113
24114
24115
24122
24135
24136
24141
24145
24151
24154
24155
24159
24164
24165
24169
24170
24179
24183
24185
24186
24190
24191
24194
24196
24201
24202
24214
24216
24218
24220
24246
24252
24267
24268
24290
24298
24300
24315
24318
24325
24338
24342
24347
24352
24363
24379
24392
24394
24395
24396
24398
24401
24402
24407
24418
24419
24430
24432
24452
24460
24466
24471
24473
24475
24488
24495
24497
24501
24506
24508
24518
24520
24524
24534
24537
24540
24541
24547
24557
24559
24567
24570
24581
24582
24598
24600
24607
24618
24622
24624
24642
24643
24647
24650
24655
24657
24663
24668
24673
24674
24676
24678
24681
24691
24695
24699
24700
24701
24714
24718
24721
24723
24725
24726
24728
24731
24733
24741
24755
24756
24757
24758
24761
24768
24772
24783
24784
24785
24786
24787
24790
24792
24795
24800
24808
24810
24825
24835
24836
24841
24848
24858
24867
24873
24877
24883
24894
24896
24900
24909
24910
24911
24913
24919
24923
24924
24928
24930
24932
24934
24939
24940
24950
24951
24955
24956
24959
24962
24964
24970
24973
24991
25004
25018
25030
25033
25042
25048
25049
25050
25060
25064
25065
25066
25072
25077
25089
25092
25094
25103
25111
25114
25117
25119
25123
25128
25131
25133
25148
25162
25163
25166
25169
25176
25192
25194
25199
25202
25205
25211
25218
25221
25234
25236
25239
25243
25249
25251
25259
25266
25267
25269
25271
25274
25286
25302
25305
25306
25316
25324
25330
25333
25334
25335
25336
25340
25347
25351
25362
25363
25374
25375
25378
25393
25398
25405
25408
25417
25426
25428
25431
25436
25439
25440
25442
25445
25446
25454
25464
25465
25466
25474
25477
25480
25482
25488
25490
25494
25495
25497
25510
25513
25516
25518
25534
25541
25543
25545
25551
25554
25555
25560
25561
25570
25577
25579
25581
25583
25590
25591
25597
25611
25612
25616
25620
25621
25627
25629
25641
25642
25648
25657
25676
25681
25691
25696
25717
25724
25728
25739
25740
25741
25745
25748
25757
25765
25766
25773
25783
25785
25787
25798
25801
25804
25807
25812
25816
25825
25835
25848
25849
25856
25864
25866
25867
25876
25879
25889
25894
25906
25915
25925
25930
25931
25934
25949
25950
25953
25955
25957
25961
25974
25975
25983
25986
25988
25993
25996
25997
26001
26008
26019
26022
26039
26063
26069
26082
26091
26105
26106
26108
26113
26114
26119
26120
26128
26137
26139
26141
26142
26153
26163
26167
26169
26173
26174
26182
26187
26189
26193
26195
26197
26200
26203
26208
26209
26212
26215
26220
26222
26225
26228
26232
26253
26262
26264
26273
26274
26280
26288
26295
26296
26303
26305
26306
26308
26313
26325
26326
26344
26352
26359
26368
26378
26381
26394
26398
26399
26410
26411
26413
26419
26422
26423
26424
26425
26431
26442
26445
26457
26461
26463
26469
26474
26485
26486
26487
26494
26501
26513
26516
26529
26558
26560
26562
26565
26569
26570
26574
26578
26584
26588
26597
26601
26616
26618
26621
26622
26623
26627
26633
26638
26639
26641
26642
26643
26646
26654
26663
26666
26667
26670
26674
26675
26680
26686
26687
26696
26699
26708
26721
26727
26733
26734
26739
26745
26750
26752
26754
26760
26765
26774
26775
26776
26781
26783
26793
26795
26796
26797
26798
26799
26800
26806
26809
26811
26815
26817
26820
26828
26845
26853
26861
26863
26865
26867
26870
26877
26885
26915
26916
26919
26923
26927
26928
26934
26937
26943
26945
26954
26958
26967
26968
26987
26988
26991
26995
27004
27013
27017
27020
27026
27032
27037
27045
27049
27052
27059
27067
27072
27074
27078
27088
27089
27090
27106
27108
27109
27116
27120
27121
27122
27127
27129
27130
27133
27135
27136
27152
27153
27158
27160
27166
27167
27169
27171
27172
27176
27181
27185
27193
27197
27199
27200
27204
27208
27219
27222
27223
27228
27242
27246
27247
27252
27253
27261
27267
27283
27285
27286
27289
27295
27300
27303
27306
27320
27322
27330
27345
27354
27362
27364
27369
27371
27372
27375
27387
27389
27391
27394
27398
27402
27404
27408
27411
27415
27423
27424
27429
27431
27432
27441
27445
27447
27454
27466
27468
27473
27476
27477
27478
27481
27488
27492
27494
27495
27501
27502
27503
27506
27509
27510
27513
27517
27524
27532
27533
27534
27543
27548
27550
27555
27556
27559
27571
27574
27577
27578
27591
27598
27600
27605
27606
27612
27616
27617
27621
27622
27625
27626
27631
27635
27641
27644
27645
27650
27660
27662
27675
27683
27701
27702
27711
27714
27716
27718
27724
27726
27728
27731
27732
27734
27739
27752
27754
27757
27758
27784
27787
27796
27797
27805
27810
27811
27814
27815
27816
27823
27825
27839
27847
27850
27853
27859
27865
27871
27875
27877
27883
27889
27891
27901
27906
27917
27918
27921
27938
27940
27946
27947
27948
27949
27961
27962
27978
27979
27987
27990
27991
28004
28007
28022
28026
28035
28038
28046
28051
28053
28059
28060
28067
28074
28079
28081
28085
28086
28090
28095
28117
28119
28124
28125
28127
28129
28136
28145
28151
28156
28160
28165
28167
28168
28173
28174
28179
28180
28182
28206
28208
28216
28219
28227
28234
28245
28249
28250
28259
28262
483
32
260
114
285
4
274
276
65
440
137
66
42
157
160
177
140
419
434
307
212
166
272
331
476
343
451
59
341
359
311
431
51
254
354
411
235
179
64
88
364
105
298
80
125
344
2
220
5
91
151
424
118
174
74
350
432
183
216
458
94
309
22
178
98
198
348
365
306
345
333
475
127
205
219
95
409
321
193
221
11
164
116
223
242
414
23
385
393
17
398
129
463
426
238
45
0
103
63
70
418
211
239
358
281
369
190
399
317
376
1
168
61
252
459
90
296
185
49
363
382
374
351
12
87
413
48
68
25
357
293
353
175
391
10
181
19
224
201
405
460
429
96
208
273
38
209
378
194
144
330
200
126
82
43
388
76
325
132
113
324
192
416
120
474
204
400
213
26
433
448
16
150
39
37
241
427
480
117
97
110
36
41
111
189
191
264
228
35
361
454
379
188
31
320
301
46
423
29
121
176
322
367
425
148
244
265
44
257
56
366
444
135
161
55
314
308
52
467
149
20
446
246
255
277
53
202
243
258
165
184
256
172
146
300
156
13
372
50
123
478
196
54
437
390
14
305
8
287
328
245
339
401
234
269
415
268
210
292
375
106
47
89
356
430
57
131
278
456
310
27
6
438
422
170
340
72
187
217
462
332
384
186
71
449
469
435
73
79
93
412
373
119
313
153
180
34
215
163
134
115
40
141
62
207
471
251
294
247
468
240
267
75
92
81
291
402
387
231
295
275
470
342
410
395
302
139
327
465
368
128
138
85
203
154
347
445
312
407
380
173
443
335
218
9
249
297
441
30
112
455
352
101
279
158
383
406
182
130
143
464
236
78
18
389
338
360
304
67
232
230
162
439
319
355
271
83
477
122
169
323
270
233
248
108
3
167
473
261
229
457
450
428
397
370
481
133
453
436
77
237
107
284
336
24
286
362
472
394
159
109
346
316
155
58
266
283
69
250
226
171
222
290
392
349
99
28
318
479
104
86
197
282
195
124
381
371
147
142
84
262
334
259
21
288
420
303
145
289
152
386
404
337
466
396
447
263
482
136
253
299
102
403
452
33
280
225
326
329
7
461
227
421
377
15
417
442
100
214
60
315
199
408
206
