80
66
156
158
168
173
190
205
218
291
353
373
394
406
459
481
512
542
554
569
586
590
610
809
852
853
929
969
988
996
1003
1004
1015
1022
1025
1030
1035
1097
1101
1132
1151
1154
1173
1184
1220
1260
1267
1308
1352
1353
1356
1367
1374
1377
1389
1438
1446
1484
1511
1525
1528
1550
1586
1621
1642
1647
1679
1709
1743
1749
1768
1775
1794
1834
1842
1858
1913
1961
2009
2038
2060
146
27
150
4
121
145
72
14
140
51
83
15
30
3
36
62
41
57
87
131
17
68
91
137
92
118
113
94
110
28
25
44
69
60
52
16
107
33
132
8
13
11
47
138
12
56
125
114
74
24
104
120
21
0
99
148
45
75
98
19
66
46
149
129
59
34
85
143
80
78
43
119
76
77
58
130
151
116
81
162
146
152
18
155
55
97
38
159
61
64
63
67
153
32
103
39
142
29
122
96
6
158
95
128
79
156
111
10
163
108
49
84
117
86
102
2
5
127
37
50
154
147
134
1
144
53
70
54
141
73
123
65
133
106
139
136
109
20
135
90
35
71
42
100
89
48
82
