97
156
157
186
203
236
251
274
294
297
303
314
367
391
397
420
434
447
454
455
461
489
493
502
542
613
632
670
773
796
807
850
878
912
922
930
947
1014
1035
1053
1062
1114
1117
1119
1121
1205
1220
1245
1246
1262
1273
1312
1313
1344
1348
1363
1369
1398
1417
1437
1451
1476
1482
1499
1517
1542
1563
1569
1573
1578
1590
1634
1637
1677
1681
1737
1780
1816
1838
1841
1857
1868
1872
1881
1882
1900
1905
1921
1924
1954
1988
1998
2010
2014
2015
2024
2041
2053
158
68
64
63
128
90
54
122
125
78
47
103
23
31
52
20
113
131
82
3
142
53
79
110
111
119
146
92
17
42
75
86
101
0
44
156
105
50
135
62
29
143
134
163
18
127
16
157
22
130
4
10
85
9
120
37
66
77
1
118
19
153
102
155
30
124
6
98
40
91
94
83
136
148
2
138
65
71
145
114
115
96
123
139
80
33
56
93
147
28
21
32
70
108
97
14
43
126
24
41
72
49
57
5
46
137
154
26
140
27
132
55
87
161
58
12
38
25
158
100
89
81
73
95
107
61
162
99
69
45
106
15
76
109
117
48
152
35
160
133
144
159
151
150
11
84
60
74
8
121
88
34
13
129
104
149
112
51
39
