196
111
121
125
135
141
148
152
157
165
196
206
223
230
237
239
240
242
247
250
256
266
268
281
295
296
308
310
323
335
340
341
362
406
407
412
413
415
433
435
439
442
451
458
500
504
511
514
525
537
540
548
552
569
577
580
589
602
618
621
626
631
636
637
663
667
677
678
679
683
697
711
722
738
742
748
751
753
755
763
764
778
799
804
820
850
856
861
868
875
893
935
939
946
955
959
961
963
991
998
1016
1022
1037
1049
1070
1075
1076
1115
1116
1125
1128
1131
1134
1144
1152
1175
1191
1199
1202
1220
1225
1228
1246
1257
1269
1294
1336
1343
1348
1352
1375
1390
1478
1487
1493
1495
1500
1502
1509
1543
1545
1563
1581
1602
1610
1624
1630
1658
1659
1664
1677
1700
1721
1722
1725
1727
1758
1761
1797
1799
1847
1853
1856
1857
1859
1863
1869
1883
1890
1893
1907
1910
1917
1920
1922
1924
1927
1940
1959
1972
1979
1995
2002
2004
2056
2070
2075
2099
2102
2106
2108
2119
2127
2138
2158
2168
2172
159
125
139
37
63
53
45
92
105
140
109
2
156
138
18
19
118
80
159
137
135
49
56
68
83
42
65
108
59
20
8
4
151
123
122
96
15
46
132
30
38
121
155
44
31
143
84
134
64
11
163
7
146
66
50
126
130
95
52
102
166
33
72
124
85
89
3
36
149
0
147
120
157
41
136
99
115
78
12
17
29
117
90
54
127
165
153
107
111
113
48
91
158
34
73
32
133
5
145
93
94
43
55
60
74
88
9
10
82
16
97
119
75
101
6
40
67
35
103
70
116
141
14
57
69
110
25
27
164
154
86
47
76
62
13
144
81
114
162
98
148
104
58
167
152
142
112
150
131
106
1
100
77
26
160
22
161
61
28
79
