335
201
255
279
297
308
365
369
380
433
556
582
592
712
722
757
833
844
863
928
946
958
1062
1106
1112
1119
1120
1123
1131
1154
1161
1202
1223
1227
1255
1261
1327
1388
1419
1430
1437
1472
1535
1539
1554
1568
1598
1630
1667
1685
1705
1760
1761
1814
1835
1898
1916
1956
1973
2041
2089
2117
2141
2151
2159
2168
2200
2248
2377
2424
2426
2451
2509
2539
2546
2589
2649
2665
2667
2669
2679
2712
2753
2757
2818
2856
2881
2890
2899
2900
2911
2974
2980
2987
3031
3043
3047
3080
3088
3099
3126
3131
3193
3195
3222
3245
3269
3283
3312
3342
3389
3422
3427
3443
3477
3597
3625
3626
3893
3910
3914
3932
3934
3950
3995
4000
4025
4027
4050
4112
4149
4175
4187
4213
4221
4291
4304
4361
4363
4383
4400
4511
4617
4642
4656
4660
4671
4677
4703
4729
4904
4992
5045
5067
5069
5073
5081
5188
5205
5221
5236
5239
5271
5303
5325
5376
5432
5440
5456
5460
5486
5510
5539
5575
5651
5702
5742
5788
5790
5821
5861
5887
5929
6023
6026
6048
6054
6094
6108
6110
6218
6222
6230
6240
6285
6308
6313
6330
6340
6344
6352
6401
6405
6420
6466
6469
6499
6502
6510
6550
6577
6596
6622
6631
6700
6723
6737
6748
6757
6772
6783
6811
6838
6856
6916
6963
7050
7052
7062
7073
7093
7120
7154
7280
7333
7334
7343
7379
7391
7431
7489
7547
7555
7564
7573
7585
7587
7595
7620
7670
7684
7700
7791
7793
7821
7835
7838
7856
7858
7887
7896
7907
7926
7947
8128
8219
8275
8278
8288
8368
8386
8395
8431
8475
8512
8523
8548
8610
8622
8692
8749
8761
8787
8821
8851
8854
8903
8911
8922
9019
9032
9066
9108
9119
9186
9200
9222
9228
9258
9322
9347
9363
9380
9558
9572
9577
9615
9625
9650
9657
9672
9720
9771
9823
9850
9870
9892
9938
9947
9967
9969
10089
10094
10098
10099
10102
10192
10204
10213
10215
10223
10237
10248
10283
10304
10319
169
180
15
46
58
97
119
142
78
160
110
169
111
156
25
48
105
51
57
145
33
34
81
32
151
117
49
16
77
135
1
17
82
104
146
24
64
144
31
153
79
149
44
159
50
87
150
152
148
6
18
74
55
116
28
54
128
75
10
59
171
131
83
13
19
0
158
176
138
43
179
63
36
123
91
101
7
140
127
108
94
93
166
23
132
8
154
30
141
133
118
130
181
5
65
76
178
109
21
56
20
61
71
42
86
136
47
41
102
67
98
2
40
66
143
134
129
27
68
147
137
96
35
26
9
14
52
45
162
120
122
175
106
62
60
4
88
115
167
38
12
39
161
84
3
174
95
173
29
113
183
73
85
125
170
121
114
124
126
139
80
168
165
37
164
69
112
107
163
89
