448
22
28
29
41
46
54
60
68
72
86
88
91
100
101
110
112
113
115
121
125
129
159
164
172
183
184
187
192
195
197
201
204
207
211
219
226
234
236
244
253
256
269
284
286
294
299
301
306
316
329
330
333
335
338
345
347
348
355
356
357
359
371
376
392
394
395
396
403
411
415
416
418
419
434
436
438
441
448
451
452
457
461
464
465
485
488
490
494
505
507
511
520
522
552
553
562
569
570
573
574
575
581
591
600
607
614
619
626
633
638
655
656
660
665
670
671
675
676
679
682
687
693
697
702
704
707
708
709
710
711
712
714
717
724
730
738
739
743
750
763
771
774
791
792
800
802
806
807
811
819
822
824
829
834
838
846
849
854
861
862
878
883
886
899
908
916
918
924
928
935
936
940
946
957
958
975
978
983
989
993
998
999
1000
1006
1016
1018
1025
1029
1041
1043
1051
1064
1075
1080
1099
1106
1116
1130
1137
1141
1144
1154
1156
1170
1173
1181
1182
1186
1191
1194
1208
1221
1229
1251
1253
1259
1262
1267
1269
1280
1282
1288
1289
1294
1297
1299
1307
1316
1318
1327
1331
1332
1335
1338
1353
1360
1369
1376
1377
1383
1386
1392
1404
1420
1426
1430
1433
1440
1445
1455
1463
1465
1466
1472
1475
1488
1489
1490
1494
1504
1515
1516
1529
1530
1549
1551
1557
1559
1563
1569
1570
1572
1575
1577
1581
1583
1589
1604
1610
1613
1623
1625
1627
1638
1642
1650
1651
1653
1655
1657
1658
1662
1663
1664
1665
1673
1676
1677
1683
1700
1704
1705
1715
1729
1734
1735
1740
1741
1745
1746
1750
1784
1788
1792
1803
1812
1820
1825
1827
1836
1837
1845
1850
1851
1855
1857
1858
1862
1863
1867
1869
1888
1891
1897
1902
1909
1911
1928
1930
1934
1951
1960
1968
1983
1985
2003
2007
2010
2011
2012
2035
2036
2038
2056
2069
2073
2083
2086
2103
2112
2114
2116
2120
2123
2127
2130
2146
2147
2148
2153
2164
2177
2179
2182
2186
2188
2189
2218
2234
2239
2240
2244
2246
2247
2261
2284
2289
2291
2295
2307
2308
2325
2332
2333
2334
2349
2353
2355
2359
2367
2368
2371
2387
2394
2397
2398
2402
2427
2428
2439
2441
2443
2448
2459
2460
2464
2483
2520
2525
2529
2531
2532
2536
2537
2541
2542
2545
2555
2557
2562
2565
2566
2597
2598
2615
2619
2624
2626
2633
2637
2642
2648
2654
2662
2663
2664
2665
2672
83
24
38
36
72
47
80
29
69
0
40
31
58
30
71
50
18
42
2
88
6
7
20
56
27
76
54
53
59
45
77
74
46
65
68
13
52
73
67
23
25
51
32
70
43
62
44
14
12
9
48
63
5
78
21
41
11
33
1
26
89
3
22
55
35
34
49
61
86
85
16
66
8
81
75
19
37
79
82
39
87
60
64
28
