101
25
141
195
215
237
241
245
255
287
297
309
317
353
372
378
384
403
427
448
460
483
486
561
590
627
691
701
734
762
792
906
907
967
968
972
991
1001
1003
1010
1032
1054
1120
1137
1158
1186
1205
1212
1214
1234
1247
1270
1273
1278
1279
1304
1320
1328
1333
1341
1346
1380
1384
1409
1410
1472
1495
1576
1589
1605
1611
1621
1635
1710
1765
1770
1773
1777
1789
1805
1843
1854
1873
1925
1951
1993
1998
2044
2049
2050
2055
2096
2099
2122
2202
2227
2262
2290
2348
2368
2392
2404
148
109
66
36
100
119
42
132
95
54
114
143
31
149
94
51
64
87
161
89
128
76
105
101
75
107
125
53
102
72
133
63
11
70
155
129
73
20
18
41
118
24
154
97
19
49
122
92
74
126
113
39
145
136
10
7
44
130
57
79
16
30
80
88
85
0
106
27
2
160
98
83
103
151
115
48
62
81
60
157
147
141
23
121
12
91
116
68
50
37
21
99
127
71
156
65
134
69
6
84
46
158
25
138
112
1
8
58
52
34
78
123
153
120
45
4
110
82
111
140
22
29
40
148
86
137
9
90
131
15
14
142
17
47
5
59
38
144
104
77
33
26
135
67
139
93
61
3
96
