15
5
7
9
25
38
43
48
57
59
60
61
64
65
66
69
236
49
29
194
151
18
180
7
2
76
106
102
283
167
119
181
282
94
68
120
203
244
77
82
40
81
11
296
270
156
275
265
14
79
246
127
232
13
6
107
38
164
217
10
245
256
228
241
264
4
116
280
15
177
219
93
234
301
201
269
37
23
285
138
114
45
227
260
134
30
222
242
182
143
109
295
239
8
249
266
62
150
121
130
5
72
251
133
267
41
170
248
214
86
105
233
46
158
284
235
126
27
28
163
205
223
9
87
186
259
135
71
292
90
229
297
154
157
287
52
113
47
178
31
191
32
33
291
97
115
89
172
65
75
231
148
188
58
42
51
197
91
159
152
247
169
206
53
200
165
290
199
255
100
146
184
299
139
161
34
35
171
268
207
198
230
174
66
20
185
257
17
54
195
132
236
212
218
289
3
216
103
73
211
124
95
24
21
209
99
84
276
273
196
19
80
110
221
43
78
279
26
69
294
160
302
192
92
147
303
85
213
250
262
224
253
140
59
293
193
74
173
88
215
210
300
208
44
261
263
149
16
60
96
243
202
50
