85
178
193
217
222
230
239
265
274
280
301
336
346
352
369
380
455
464
487
492
507
518
649
661
683
695
697
728
748
832
836
881
936
949
953
967
988
1012
1054
1078
1105
1114
1127
1132
1153
1154
1169
1202
1219
1264
1356
1357
1391
1431
1444
1448
1449
1456
1512
1528
1545
1577
1606
1608
1659
1666
1697
1724
1749
1756
1763
1765
1768
1812
1845
1900
1907
1915
1933
1935
1966
1982
2021
2065
2108
2142
152
120
123
11
76
146
65
144
20
81
156
23
29
99
1
75
51
21
61
40
35
43
79
25
69
78
47
138
0
124
100
87
134
117
7
28
85
44
19
142
3
6
161
122
91
72
67
54
119
45
162
13
38
147
135
34
153
14
71
128
5
129
159
66
74
18
82
150
145
73
52
157
101
70
114
10
163
94
108
53
95
48
133
60
4
115
112
96
89
12
56
8
88
46
32
50
64
17
55
105
97
62
31
68
16
118
110
41
2
132
42
164
77
15
86
131
36
107
152
106
130
27
113
141
9
84
140
26
93
63
98
111
155
24
137
125
80
139
33
121
92
102
104
58
83
116
149
158
59
22
109
154
160
