276
184
195
259
312
322
381
460
461
478
497
569
725
726
780
851
860
873
886
893
967
1005
1033
1036
1059
1060
1079
1098
1184
1226
1361
1370
1439
1486
1538
1543
1553
1588
1630
1659
1660
1681
1762
1764
1818
1829
1831
1839
1842
1854
1899
1902
1933
2025
2028
2037
2071
2132
2144
2146
2154
2159
2186
2226
2354
2368
2424
2460
2474
2527
2565
2602
2619
2631
2687
2714
2718
2750
2782
2784
2797
2809
2810
2822
2857
2878
2883
2895
2930
2945
2970
3058
3114
3191
3470
3546
3570
3581
3604
3663
3737
3783
3815
3820
3876
3888
3935
4049
4060
4074
4107
4114
4121
4281
4363
4373
4410
4445
4550
4567
4603
4860
4891
4948
4971
4973
4993
5009
5014
5065
5068
5083
5109
5172
5215
5277
5294
5350
5366
5410
5433
5512
5517
5595
5649
5677
5747
5784
5833
5839
5857
5919
6004
6105
6108
6121
6166
6237
6253
6343
6352
6378
6388
6400
6473
6487
6500
6501
6536
6556
6577
6637
6792
6915
6926
6996
6999
7013
7037
7046
7058
7082
7094
7108
7154
7168
7181
7223
7311
7382
7483
7514
7555
7568
7645
7646
7682
7693
7699
7732
7752
7761
7772
7822
7826
7915
7919
7932
7969
8020
8031
8042
8078
8079
8127
8203
8254
8258
8279
8294
8296
8318
8489
8532
8548
8661
8676
8707
8714
8782
8848
8849
8926
8936
8991
8995
8999
9014
9055
9134
9151
9178
9215
9235
9246
9249
9257
9259
9269
9280
9295
9312
9344
9412
9489
9517
9527
9592
9611
9645
9649
9670
9673
9767
9773
9791
9831
9834
9894
9971
10030
10074
10111
10141
10247
10262
10305
169
92
174
111
62
102
109
85
139
8
84
7
16
115
160
67
20
28
13
96
145
24
134
173
180
162
120
80
163
144
9
26
166
171
116
118
76
88
86
129
65
149
5
177
56
127
170
106
33
53
156
82
39
135
99
66
49
55
32
101
64
2
159
73
91
183
94
44
100
0
146
12
169
152
81
43
167
47
51
154
52
178
60
48
158
46
157
41
172
89
143
138
54
147
29
104
59
72
122
83
130
114
45
31
124
63
25
68
125
141
136
15
14
30
19
4
87
70
58
103
137
38
69
40
117
179
181
113
175
140
21
27
10
35
153
57
105
142
123
50
61
108
161
3
112
107
34
150
128
131
77
1
119
42
78
97
17
121
165
155
23
71
126
98
132
133
110
79
148
18
