136
25
29
40
51
66
80
84
109
125
130
171
177
194
202
203
204
215
234
238
292
293
294
361
375
376
387
394
434
449
460
468
469
480
485
488
517
533
535
543
622
626
628
629
687
729
740
753
756
767
768
769
781
785
806
820
851
856
902
922
987
988
991
1011
1025
1028
1030
1058
1071
1105
1141
1150
1165
1167
1195
1210
1216
1218
1241
1243
1246
1262
1268
1269
1270
1280
1281
1283
1340
1383
1392
1437
1455
1471
1474
1492
1553
1613
1626
1680
1717
1771
1777
1780
1799
1808
1815
1835
1836
1847
1866
1877
1878
1884
1886
1921
1932
1934
1947
1974
1986
2007
2012
2018
2022
2028
2082
2098
2109
2147
2162
2183
2186
2225
2244
2255
2256
112
62
37
36
84
117
89
70
16
124
40
6
126
17
100
26
54
27
110
79
121
95
24
129
56
59
63
77
75
65
120
83
78
52
48
47
76
25
45
127
116
20
96
7
42
122
130
53
11
128
8
34
81
123
33
118
5
9
115
35
18
88
113
50
19
14
109
69
66
60
68
106
38
86
64
131
82
101
93
74
104
132
55
29
12
85
31
13
28
43
10
44
119
112
61
39
3
57
41
105
103
23
114
0
99
91
90
32
58
21
108
72
51
