73
28
69
81
100
101
125
129
135
227
270
285
321
338
357
377
397
429
430
434
475
560
576
578
580
597
637
640
653
669
670
692
693
711
743
776
824
847
850
882
903
908
917
927
967
971
1012
1013
1059
1093
1115
1151
1178
1233
1254
1302
1350
1372
1432
1437
1492
1510
1528
1545
1574
1584
1633
1638
1660
1699
1709
1716
1736
1756
119
30
27
96
26
95
85
81
42
39
57
131
109
74
75
117
159
82
17
133
45
87
155
22
150
0
125
80
134
13
23
100
143
56
132
114
113
71
53
152
121
63
24
163
70
28
31
101
2
91
20
59
111
72
77
6
162
146
49
32
122
64
124
15
16
137
116
130
38
50
47
154
54
65
148
19
94
156
60
157
142
78
141
140
76
102
44
84
161
145
138
25
93
9
92
12
160
21
106
34
55
66
36
33
139
136
62
3
73
69
128
1
108
51
68
149
79
52
151
107
