470
19
28
47
54
55
56
60
62
64
68
69
72
90
101
108
110
112
124
127
128
133
134
139
144
146
148
152
165
178
180
182
187
193
196
201
202
205
212
220
222
225
229
236
250
257
266
274
278
282
285
294
298
299
300
308
320
324
325
329
334
337
352
354
355
366
370
372
373
390
394
398
408
409
411
413
421
422
426
430
434
449
455
459
466
479
480
484
485
491
494
500
502
510
513
519
521
523
535
537
538
539
551
558
577
578
579
583
586
589
615
617
620
622
630
634
636
643
644
657
658
664
674
688
691
699
701
705
711
717
718
719
722
729
759
760
771
776
778
804
821
827
829
832
840
844
855
861
862
863
875
880
886
913
926
927
939
941
943
960
968
980
987
989
993
1001
1011
1015
1023
1032
1033
1040
1043
1048
1050
1054
1058
1066
1069
1086
1087
1092
1103
1114
1117
1120
1123
1137
1141
1142
1147
1152
1157
1158
1178
1186
1206
1208
1209
1219
1220
1226
1229
1234
1235
1237
1246
1258
1271
1283
1284
1287
1293
1294
1295
1298
1303
1309
1312
1315
1318
1321
1326
1328
1330
1337
1340
1341
1351
1354
1361
1365
1367
1371
1372
1379
1397
1423
1429
1434
1439
1446
1448
1449
1450
1455
1456
1459
1463
1476
1480
1488
1490
1496
1498
1500
1509
1512
1513
1523
1536
1547
1553
1554
1556
1560
1561
1569
1573
1578
1585
1586
1588
1592
1603
1609
1613
1615
1620
1624
1625
1636
1647
1648
1651
1655
1660
1663
1679
1694
1705
1708
1709
1724
1725
1728
1741
1759
1766
1770
1774
1778
1790
1791
1802
1806
1813
1831
1833
1834
1841
1843
1847
1848
1849
1851
1855
1856
1869
1872
1892
1898
1901
1904
1906
1912
1926
1932
1941
1942
1954
1961
1962
1973
1986
1988
1993
1997
2002
2005
2008
2011
2013
2018
2020
2032
2053
2055
2058
2061
2069
2073
2075
2077
2079
2084
2085
2090
2096
2102
2106
2110
2113
2115
2123
2124
2129
2130
2138
2149
2151
2154
2160
2166
2167
2171
2173
2174
2180
2182
2188
2191
2193
2197
2201
2209
2216
2232
2236
2238
2239
2240
2256
2264
2265
2272
2277
2278
2279
2283
2294
2295
2301
2302
2322
2344
2345
2346
2356
2359
2368
2371
2373
2386
2389
2390
2394
2396
2399
2401
2408
2427
2444
2451
2459
2463
2464
2465
2467
2469
2472
2478
2487
2491
2493
2502
2503
2508
2513
2521
2530
2536
2537
2547
2549
2552
2559
2564
2568
2575
2578
2583
2586
2589
2596
2605
2608
2609
2620
2629
2630
2635
2640
2641
2645
2647
2653
2658
2663
2666
2669
85
78
49
16
74
21
68
60
62
86
33
72
14
13
87
70
40
44
29
18
53
26
30
58
23
61
48
1
32
22
82
27
64
47
5
76
65
37
59
20
57
38
35
69
71
77
12
56
24
50
31
85
84
54
9
11
79
43
2
6
75
55
41
81
67
45
34
8
10
15
0
66
3
73
25
88
17
39
19
52
7
51
63
80
28
89
