1285
10
12
19
41
48
53
62
72
75
77
80
81
89
90
93
95
105
107
118
120
133
137
138
141
165
173
174
176
185
191
193
197
203
218
233
237
248
258
271
284
293
304
324
327
328
340
346
355
360
370
376
383
384
385
390
405
425
426
431
454
455
466
474
477
488
491
500
502
512
513
519
528
529
531
544
557
578
594
599
608
611
628
629
631
632
634
635
640
652
653
659
664
674
682
684
693
698
701
708
715
724
739
741
751
754
761
769
785
795
810
814
817
824
831
841
845
846
857
861
869
871
875
876
881
891
899
908
911
916
926
928
942
956
958
959
962
968
980
990
991
994
997
1014
1021
1036
1037
1040
1043
1048
1051
1055
1067
1072
1079
1088
1089
1091
1127
1130
1146
1153
1155
1158
1166
1169
1170
1175
1183
1188
1206
1208
1209
1215
1216
1223
1226
1227
1232
1236
1240
1243
1252
1255
1271
1280
1281
1282
1285
1287
1296
1306
1313
1326
1327
1331
1332
1334
1345
1352
1353
1363
1369
1406
1421
1424
1425
1439
1445
1453
1455
1463
1467
1468
1485
1495
1504
1511
1518
1534
1535
1537
1553
1554
1562
1574
1584
1587
1593
1600
1602
1607
1610
1623
1638
1647
1657
1658
1659
1660
1665
1683
1688
1693
1700
1702
1705
1714
1715
1720
1733
1739
1743
1745
1752
1758
1760
1764
1766
1771
1788
1811
1813
1814
1832
1834
1846
1851
1853
1855
1861
1864
1865
1870
1877
1880
1883
1884
1885
1890
1893
1900
1901
1905
1915
1917
1925
1927
1930
1934
1942
1944
1953
1959
1962
1979
1986
2016
2036
2047
2052
2053
2058
2059
2065
2066
2085
2103
2110
2112
2118
2120
2128
2132
2133
2138
2144
2152
2159
2161
2165
2211
2221
2229
2235
2238
2243
2245
2247
2250
2254
2255
2257
2267
2268
2275
2276
2278
2279
2284
2293
2308
2313
2318
2324
2325
2329
2345
2351
2353
2358
2361
2373
2395
2405
2406
2418
2420
2425
2427
2431
2433
2444
2447
2451
2452
2463
2466
2467
2471
2472
2501
2512
2514
2521
2523
2531
2533
2536
2541
2543
2547
2556
2557
2563
2570
2574
2585
2600
2601
2610
2611
2617
2625
2626
2636
2638
2646
2647
2655
2656
2662
2668
2682
2683
2690
2707
2712
2715
2717
2733
2735
2745
2748
2756
2761
2762
2766
2767
2784
2787
2789
2800
2802
2806
2822
2826
2842
2844
2846
2854
2855
2864
2869
2872
2876
2880
2882
2897
2912
2916
2918
2920
2923
2927
2936
2938
2944
2949
2969
2970
2978
2983
2996
3010
3011
3016
3021
3023
3030
3045
3050
3052
3055
3060
3063
3072
3073
3077
3078
3079
3082
3094
3095
3096
3102
3105
3106
3110
3112
3126
3128
3134
3138
3142
3143
3146
3147
3154
3180
3183
3185
3190
3192
3193
3194
3198
3207
3212
3215
3232
3234
3236
3239
3241
3242
3252
3257
3258
3269
3270
3283
3289
3330
3337
3339
3341
3367
3369
3380
3388
3390
3408
3411
3413
3414
3416
3417
3424
3426
3430
3433
3434
3436
3439
3450
3452
3478
3489
3498
3499
3500
3501
3503
3504
3511
3520
3526
3538
3539
3561
3562
3585
3586
3593
3606
3609
3610
3612
3614
3616
3619
3625
3641
3648
3660
3667
3677
3682
3691
3706
3723
3724
3728
3730
3737
3738
3740
3765
3767
3772
3775
3779
3782
3796
3800
3822
3830
3831
3837
3838
3841
3844
3852
3860
3870
3882
3888
3899
3906
3907
3908
3910
3927
3937
3941
3950
3956
3958
3961
3964
3966
3977
3982
3983
3998
4003
4005
4015
4025
4034
4042
4051
4057
4059
4063
4069
4078
4084
4087
4089
4093
4095
4102
4117
4119
4120
4124
4129
4130
4138
4140
4143
4166
4176
4179
4180
4187
4195
4199
4202
4209
4210
4212
4217
4223
4259
4260
4275
4290
4292
4297
4309
4316
4320
4324
4325
4335
4341
4351
4358
4359
4376
4377
4378
4383
4387
4389
4399
4400
4402
4405
4416
4418
4435
4436
4439
4474
4477
4487
4490
4493
4506
4516
4530
4534
4537
4545
4562
4570
4573
4589
4593
4595
4599
4605
4613
4614
4617
4620
4623
4632
4643
4651
4652
4655
4664
4674
4681
4684
4700
4702
4704
4710
4721
4722
4725
4740
4752
4754
4761
4782
4788
4790
4794
4798
4801
4805
4806
4822
4830
4837
4838
4842
4853
4869
4874
4876
4877
4882
4889
4890
4891
4905
4907
4910
4919
4924
4926
4934
4935
4942
4949
4952
4953
4962
4968
4969
4970
4981
4984
4988
4995
5003
5011
5025
5030
5032
5043
5048
5059
5060
5065
5069
5085
5088
5094
5115
5120
5122
5131
5139
5144
5147
5148
5151
5152
5156
5163
5179
5207
5213
5217
5223
5227
5228
5243
5245
5251
5253
5254
5260
5263
5264
5271
5282
5294
5295
5305
5307
5326
5328
5332
5334
5352
5361
5380
5396
5398
5412
5416
5417
5420
5429
5430
5435
5437
5439
5469
5471
5480
5490
5491
5494
5500
5506
5508
5516
5518
5521
5527
5543
5547
5548
5554
5557
5569
5572
5587
5597
5598
5603
5605
5607
5610
5613
5618
5629
5638
5643
5644
5645
5647
5648
5651
5656
5657
5673
5680
5681
5683
5702
5707
5709
5714
5719
5726
5727
5734
5740
5742
5744
5753
5755
5784
5795
5813
5817
5823
5852
5860
5865
5866
5868
5870
5875
5877
5882
5888
5891
5894
5899
5902
5905
5930
5933
5935
5941
5965
5975
5977
6000
6003
6004
6008
6020
6023
6067
6068
6103
6121
6128
6165
6170
6172
6184
6191
6192
6195
6201
6202
6206
6209
6225
6232
6241
6250
6254
6262
6267
6269
6272
6281
6295
6300
6303
6306
6307
6310
6321
6324
6327
6338
6353
6354
6358
6361
6367
6374
6386
6387
6388
6402
6415
6418
6426
6430
6443
6444
6447
6449
6459
6460
6461
6472
6500
6502
6513
6518
6522
6524
6526
6527
6531
6535
6551
6552
6560
6562
6570
6576
6579
6580
6586
6588
6603
6612
6624
6631
6644
6651
6654
6663
6666
6672
6679
6680
6692
6698
6700
6701
6704
6708
6715
6718
6719
6721
6723
6728
6730
6737
6748
6755
6758
6760
6764
6767
6771
6785
6787
6789
6797
6804
6808
6810
6816
6822
6832
6845
6853
6854
6855
6858
6860
6872
6873
6877
6879
6887
6891
6895
6896
6905
6913
6921
6952
6965
6971
6972
6974
6981
6986
6991
6997
6999
7021
7022
7034
7036
7044
7055
7061
7069
7071
7074
7089
7091
7093
7096
7098
7099
7122
7135
7138
7139
7140
7143
7144
7147
7158
7160
7168
7178
7179
7184
7185
7187
7202
7203
7235
7239
7249
7252
7253
7254
7263
7275
7276
7284
7287
7289
7313
7317
7322
7333
7337
7341
7343
7345
7352
7354
7361
7366
7368
7377
7379
7380
7381
7394
7402
7412
7416
7423
7425
7428
7442
7444
7449
7457
7458
7459
7460
7473
7488
7490
7495
7508
7516
7548
7552
7565
7581
7582
7585
7586
7602
7605
7611
7626
7631
7649
7653
7655
7656
7657
7662
7666
7671
7688
7697
7708
7715
7716
7717
7727
7735
7739
7741
7747
7749
7754
7768
7775
7786
7789
7817
7818
7830
7837
7845
7849
7850
7852
7854
7858
7867
7869
7872
7874
7891
7896
7899
7915
7923
7926
7933
7935
7952
7960
7964
7965
7966
7969
7983
7993
7995
8000
8004
8016
8019
8035
8036
8039
8041
8048
8050
8053
8059
8064
8099
8105
8116
8122
8124
8133
8143
8147
8152
8155
8156
8168
8173
8183
8186
8193
8195
8207
8210
8222
8233
8237
8240
8257
8260
8263
8266
8267
8269
8273
8282
8283
8284
8293
8297
8302
8307
8311
8313
8322
8334
8336
8342
8344
8354
8355
8372
404
108
55
382
256
113
403
27
225
381
364
226
93
297
267
103
151
171
285
218
303
367
146
215
299
245
70
175
110
105
9
248
139
101
202
247
95
326
271
51
183
400
244
238
130
188
236
6
16
79
323
298
288
86
43
64
251
376
211
15
341
353
178
325
160
196
348
66
384
22
301
200
318
220
272
138
294
83
263
118
163
386
34
276
249
4
268
221
385
71
181
124
186
373
313
121
257
317
59
199
123
334
324
333
375
227
10
122
91
134
206
68
24
90
38
234
32
338
254
261
408
44
12
340
87
165
284
190
19
204
217
136
45
26
356
0
388
162
240
315
378
11
170
205
166
316
391
377
80
336
153
214
46
198
14
253
345
129
354
283
278
304
106
89
8
147
366
69
131
402
274
331
216
143
150
25
293
404
85
76
17
389
88
149
212
115
342
174
54
369
286
33
295
223
176
258
308
383
120
155
287
239
410
94
203
242
279
98
320
20
109
233
142
359
97
310
250
2
67
57
396
351
397
119
81
30
252
47
282
41
72
104
125
224
74
409
169
3
116
307
78
185
36
405
390
158
49
380
75
152
347
133
259
361
187
84
197
311
277
167
312
159
48
270
379
330
243
358
99
296
7
39
357
352
241
210
192
355
290
232
182
332
219
13
195
172
112
21
302
255
237
292
140
371
344
321
60
137
28
370
262
77
407
148
329
399
328
349
180
300
184
306
191
411
246
141
111
107
35
319
73
53
102
343
305
265
281
213
18
339
40
56
164
235
126
269
222
145
275
63
395
289
412
230
61
401
173
209
144
335
29
208
23
362
31
37
194
363
114
58
65
314
228
360
154
157
264
207
350
92
229
127
168
62
266
100
135
177
372
52
161
42
179
346
96
82
5
393
374
327
392
132
394
365
322
156
128
189
387
1
273
398
337
280
368
