104
127
139
191
253
274
276
290
310
322
338
346
373
388
422
454
456
487
494
513
522
523
528
531
538
548
550
607
619
625
627
644
672
703
711
726
792
801
827
830
832
841
865
869
901
955
969
1013
1025
1030
1106
1107
1108
1111
1135
1171
1193
1215
1217
1228
1230
1233
1240
1253
1255
1260
1272
1310
1335
1339
1368
1383
1389
1400
1403
1405
1407
1439
1460
1471
1493
1502
1521
1541
1555
1559
1570
1598
1606
1633
1648
1662
1691
1696
1711
1726
1742
1746
1749
1768
1776
1779
1785
1822
1835
152
85
51
32
141
34
13
4
57
47
29
27
124
152
111
158
67
119
157
58
14
145
48
80
70
42
40
130
118
66
49
44
94
105
1
127
25
77
163
110
71
59
142
137
116
160
12
41
99
28
109
19
73
86
45
0
24
131
108
30
151
39
55
76
125
91
113
88
126
22
16
15
95
10
20
68
135
101
93
138
26
107
36
136
31
115
90
6
161
65
35
56
132
103
156
164
87
112
84
140
7
148
144
122
83
159
2
9
114
38
102
97
54
72
150
21
82
149
104
52
123
121
64
98
120
100
79
134
23
74
3
50
17
37
133
154
60
69
162
78
96
89
117
106
146
92
18
33
153
128
5
61
147
