1848
14
15
18
24
27
29
31
36
37
44
54
59
60
61
63
68
72
85
90
100
102
106
108
113
116
133
135
136
145
147
151
165
169
174
176
178
201
210
225
227
234
241
243
247
254
268
270
274
275
277
282
288
295
304
306
311
324
328
333
335
352
354
355
356
359
363
380
385
395
399
430
434
446
449
467
478
479
491
512
535
545
554
582
583
590
594
606
608
615
632
637
639
673
681
685
688
697
701
711
715
716
726
732
733
735
746
758
768
769
772
778
779
784
788
803
806
807
812
813
814
815
816
829
849
870
876
884
885
888
891
893
896
897
898
909
914
936
938
945
954
959
969
973
976
977
981
984
988
1001
1006
1009
1012
1017
1018
1023
1025
1032
1054
1064
1066
1071
1073
1086
1087
1090
1095
1098
1103
1115
1118
1119
1142
1143
1147
1156
1169
1184
1185
1197
1201
1208
1212
1214
1216
1227
1231
1232
1235
1243
1253
1254
1255
1258
1268
1274
1276
1278
1285
1289
1293
1295
1302
1304
1316
1319
1320
1321
1325
1327
1329
1358
1364
1375
1376
1380
1406
1409
1431
1450
1451
1452
1461
1465
1481
1484
1488
1498
1502
1508
1514
1525
1526
1528
1536
1540
1543
1546
1548
1550
1555
1573
1577
1583
1585
1588
1593
1601
1606
1611
1613
1645
1648
1649
1650
1661
1673
1685
1690
1694
1697
1701
1702
1707
1712
1715
1721
1723
1724
1725
1728
1729
1732
1740
1752
1753
1758
1773
1776
1777
1792
1794
1816
1825
1839
1840
1841
1844
1847
1855
1862
1865
1888
1891
1894
1918
1923
1926
1933
1935
1948
1954
1964
1983
1986
1987
1988
1991
2007
2012
2027
2039
2040
2043
2052
2060
2063
2066
2067
2069
2071
2096
2097
2098
2110
2125
2127
2129
2131
2137
2138
2139
2160
2163
2165
2172
2173
2192
2197
2199
2203
2213
2219
2223
2225
2250
2267
2281
2286
2292
2304
2314
2334
2337
2340
2343
2367
2376
2383
2385
2395
2403
2411
2413
2417
2420
2422
2438
2463
2468
2469
2473
2475
2477
2483
2484
2486
2489
2500
2504
2508
2511
2541
2550
2556
2557
2560
2566
2570
2588
2595
2598
2601
2605
2609
2617
2638
2654
2661
2664
2667
2678
2681
2684
2690
2702
2714
2722
2730
2732
2736
2739
2742
2745
2746
2760
2762
2787
2799
2805
2810
2821
2842
2844
2846
2849
2853
2856
2859
2862
2877
2878
2879
2885
2886
2888
2906
2909
2915
2922
2928
2930
2949
2957
2969
2970
2974
2975
2978
2992
3000
3004
3007
3008
3022
3028
3046
3055
3056
3073
3074
3090
3091
3093
3095
3098
3099
3103
3131
3140
3143
3146
3147
3151
3153
3157
3160
3178
3198
3203
3205
3209
3214
3220
3250
3273
3277
3288
3299
3311
3312
3332
3336
3339
3343
3346
3352
3357
3358
3364
3366
3388
3396
3407
3415
3421
3423
3439
3441
3451
3475
3476
3481
3488
3491
3493
3526
3538
3551
3557
3560
3565
3571
3573
3576
3584
3585
3586
3587
3601
3605
3622
3636
3639
3647
3648
3650
3656
3658
3668
3677
3679
3684
3693
3700
3704
3719
3720
3724
3728
3730
3734
3739
3745
3746
3782
3790
3800
3816
3825
3834
3843
3857
3860
3863
3885
3893
3894
3907
3909
3915
3916
3918
3922
3927
3934
3936
3939
3958
3963
3968
3976
3986
3987
3988
3999
4015
4016
4020
4024
4030
4033
4035
4050
4052
4056
4063
4066
4070
4083
4092
4108
4121
4122
4124
4126
4142
4145
4148
4151
4158
4159
4169
4175
4181
4183
4184
4186
4194
4209
4211
4225
4226
4227
4231
4241
4242
4247
4255
4260
4263
4278
4281
4282
4283
4289
4293
4300
4304
4307
4317
4318
4320
4321
4324
4327
4334
4335
4347
4348
4350
4363
4364
4366
4373
4377
4384
4387
4399
4406
4409
4413
4414
4418
4437
4442
4447
4454
4459
4472
4479
4488
4497
4501
4505
4507
4513
4514
4515
4524
4525
4531
4533
4535
4551
4580
4581
4583
4584
4589
4593
4597
4598
4605
4609
4610
4616
4620
4623
4630
4639
4641
4642
4646
4652
4653
4654
4665
4676
4688
4697
4699
4701
4702
4706
4709
4728
4750
4779
4782
4784
4808
4810
4812
4825
4827
4829
4833
4851
4874
4875
4883
4894
4895
4908
4911
4917
4919
4925
4932
4943
4949
4963
4964
4974
4975
4985
4986
4998
5009
5012
5013
5015
5021
5041
5045
5049
5053
5074
5079
5080
5102
5103
5104
5105
5116
5128
5143
5157
5164
5166
5168
5185
5189
5197
5211
5212
5217
5218
5220
5225
5236
5237
5239
5241
5242
5245
5251
5253
5262
5281
5282
5283
5286
5288
5289
5291
5292
5299
5302
5308
5319
5325
5339
5346
5347
5349
5359
5375
5379
5402
5413
5415
5418
5419
5425
5426
5442
5446
5456
5477
5479
5492
5496
5500
5502
5543
5556
5566
5584
5593
5594
5608
5611
5616
5618
5627
5633
5638
5639
5644
5650
5657
5658
5661
5676
5689
5698
5699
5704
5706
5708
5717
5729
5741
5742
5754
5768
5770
5771
5775
5781
5790
5792
5800
5804
5813
5825
5829
5830
5835
5838
5844
5845
5850
5853
5855
5877
5884
5885
5895
5902
5914
5923
5933
5937
5939
5941
5961
5964
5991
6003
6006
6015
6016
6024
6030
6047
6051
6052
6054
6060
6081
6098
6113
6118
6120
6122
6127
6136
6141
6149
6150
6155
6161
6174
6183
6187
6194
6203
6210
6211
6224
6228
6235
6237
6245
6248
6249
6255
6259
6261
6265
6267
6268
6280
6282
6299
6323
6327
6329
6330
6337
6343
6344
6348
6351
6352
6353
6358
6370
6376
6392
6400
6408
6410
6419
6426
6429
6444
6453
6455
6457
6466
6468
6483
6484
6496
6498
6499
6500
6504
6511
6512
6513
6514
6518
6534
6549
6553
6558
6565
6573
6583
6585
6592
6597
6647
6649
6657
6685
6687
6712
6714
6729
6741
6744
6753
6756
6759
6761
6764
6770
6771
6776
6789
6792
6795
6801
6802
6805
6809
6810
6812
6817
6824
6827
6832
6839
6845
6871
6872
6874
6881
6883
6888
6894
6903
6908
6915
6917
6918
6921
6923
6924
6926
6928
6935
6937
6948
6955
6958
6960
6963
6965
6967
6970
6974
6990
6992
6994
7012
7015
7019
7026
7048
7079
7084
7096
7097
7104
7106
7107
7108
7127
7144
7147
7148
7151
7156
7162
7170
7180
7190
7193
7199
7202
7203
7209
7222
7224
7231
7235
7250
7256
7258
7265
7274
7275
7279
7280
7284
7285
7286
7289
7306
7312
7321
7327
7334
7342
7350
7371
7386
7389
7395
7401
7402
7405
7406
7408
7427
7434
7448
7454
7456
7463
7470
7471
7473
7479
7482
7485
7495
7501
7507
7533
7537
7540
7567
7579
7584
7585
7588
7595
7604
7623
7627
7628
7632
7642
7649
7663
7664
7667
7670
7685
7694
7697
7700
7710
7711
7718
7720
7723
7731
7737
7757
7768
7788
7794
7808
7810
7812
7813
7822
7824
7829
7832
7835
7837
7846
7850
7856
7857
7862
7863
7869
7884
7902
7913
7923
7924
7928
7936
7947
7950
7971
7976
7984
8003
8005
8019
8023
8024
8029
8032
8036
8038
8046
8051
8053
8054
8056
8058
8060
8061
8072
8076
8077
8078
8079
8081
8096
8101
8104
8125
8126
8133
8135
8137
8139
8146
8150
8154
8162
8175
8188
8198
8199
8203
8213
8214
8219
8238
8245
8246
8259
8267
8269
8272
8276
8278
8285
8305
8307
8309
8311
8318
8319
8321
8335
8336
8338
8351
8360
8382
8385
8386
8400
8419
8431
8437
8443
8454
8457
8467
8470
8479
8485
8493
8494
8496
8506
8524
8541
8552
8555
8556
8557
8558
8559
8566
8574
8575
8580
8586
8591
8601
8604
8606
8613
8615
8620
8635
8648
8650
8651
8666
8668
8671
8682
8683
8686
8687
8692
8707
8710
8717
8721
8732
8734
8736
8738
8749
8752
8775
8788
8791
8801
8802
8805
8809
8817
8818
8823
8827
8859
8861
8867
8891
8895
8911
8915
8916
8917
8919
8920
8926
8927
8954
8957
8962
8968
8976
8987
8994
8997
9001
9007
9008
9009
9025
9027
9029
9045
9049
9053
9055
9066
9073
9076
9082
9087
9088
9089
9094
9100
9119
9124
9135
9139
9144
9146
9149
9152
9201
9202
9218
9232
9252
9254
9255
9261
9264
9271
9273
9275
9278
9279
9281
9283
9288
9290
9293
9306
9309
9322
9323
9335
9336
9344
9346
9350
9360
9373
9379
9384
9393
9396
9408
9411
9419
9424
9429
9453
9456
9463
9470
9479
9481
9482
9498
9506
9522
9526
9529
9530
9531
9537
9544
9554
9568
9589
9592
9595
9599
9612
9614
9620
9632
9636
9647
9651
9654
9657
9661
9664
9672
9675
9682
9688
9689
9694
9698
9700
9706
9709
9721
9724
9725
9735
9736
9754
9762
9780
9781
9786
9806
9811
9820
9822
9842
9844
9848
9849
9859
9869
9872
9879
9882
9889
9893
9901
9903
9916
9931
9935
9939
9940
9945
9952
9973
9978
9979
9981
9984
9994
9996
9999
10002
10018
10019
10029
10032
10038
10044
10053
10069
10070
10071
10077
10089
10090
10098
10112
10119
10126
10127
10129
10131
10135
10143
10167
10168
10172
10175
10181
10185
10192
10196
10206
10211
10214
10229
10230
10231
10248
10256
10265
10268
10269
10272
10287
10296
10323
10335
10338
10344
10345
10348
10350
10353
10355
10356
10360
10363
10373
10397
10400
10403
10420
10425
10433
10443
10450
10451
10452
10454
10455
10458
10467
10470
10472
10475
10479
10486
10494
10495
10501
10504
10507
10510
10514
10521
10529
10541
10542
10545
10549
10556
10559
10570
10580
10592
10598
10599
10604
10605
10606
10616
10618
10625
10633
10636
10639
10640
10648
10656
10670
10680
10686
10695
10696
10713
10714
10719
10740
10748
10751
10767
10768
10775
10779
10782
10785
10788
10789
10793
10794
10795
10802
10804
10813
10830
10837
10854
10858
10860
10861
10866
10867
10896
10903
10918
10922
10923
10927
10932
10941
10943
10952
10960
10962
10969
10977
10987
10988
10997
11003
11015
11018
11028
11031
11032
11037
11051
11052
11053
11059
11064
11067
11086
11093
11104
11115
11118
11126
11130
11135
11143
11144
11147
11148
11153
11154
11155
11179
11208
11209
11210
11212
11235
11236
11258
11265
11269
11270
11277
11284
11291
11295
11301
11303
11311
11315
11321
11343
11346
11353
11363
11370
11371
11373
11390
11391
11411
11416
11419
11421
11426
11431
11432
11435
11446
11448
11449
11467
11468
11489
11492
11505
11511
11521
11533
11534
11535
11546
11577
11579
11580
11581
11591
11607
11610
11621
11623
11630
11634
11635
11642
11643
11647
11649
11659
11661
11679
11680
11685
11692
11698
11711
11715
11726
11733
11736
11761
11788
11797
11805
11813
11820
11824
11825
11830
11831
11835
11846
11854
11860
11863
11875
11880
11885
11890
11895
11896
11904
11905
11907
11912
11913
11916
11921
11923
11949
11955
11962
11966
11969
11977
11980
11981
11986
12005
12013
12018
12039
12041
12047
12056
12061
12065
12070
12074
12080
12087
12101
12120
12130
12131
12140
12143
12151
12164
12167
12175
12180
12191
12214
12218
12220
12222
12226
12227
12236
12249
12258
12263
12264
12269
12277
12278
12288
12289
12313
12315
12325
12328
394
99
104
350
193
290
324
39
145
116
293
85
82
258
394
59
77
148
224
10
344
20
72
23
53
52
228
331
254
41
167
242
24
318
312
192
158
306
235
351
387
392
372
103
291
171
56
78
67
101
343
2
332
61
122
27
233
108
309
190
12
123
150
278
208
86
380
352
207
180
65
256
280
244
114
43
229
234
102
243
251
28
98
7
197
132
247
329
126
215
301
390
68
58
339
288
304
349
373
346
50
36
284
368
118
269
314
97
184
109
307
60
181
161
25
289
155
83
334
144
268
111
143
378
133
179
374
246
142
396
260
176
95
292
204
382
0
5
221
388
206
127
121
353
323
136
275
139
3
371
182
328
178
174
89
93
15
165
209
63
29
42
203
66
70
321
348
195
105
32
188
231
270
366
300
232
33
362
26
294
45
282
252
241
201
240
298
168
357
128
261
8
79
272
76
385
134
46
40
48
338
248
377
13
393
302
358
173
299
138
31
94
355
213
38
226
55
189
120
360
253
376
383
262
19
365
17
216
146
135
389
35
239
340
199
375
359
69
84
305
263
149
51
265
202
186
391
159
129
327
37
110
1
316
217
325
113
356
281
363
160
220
276
264
163
317
205
212
91
279
384
172
273
267
115
30
4
74
326
71
225
194
21
237
386
112
370
342
266
130
310
100
200
250
157
6
140
333
169
345
277
287
183
141
154
147
297
75
286
296
308
223
274
9
49
73
57
218
124
152
337
283
162
175
11
88
361
347
47
81
336
219
354
44
156
335
14
320
303
369
259
210
177
311
34
64
230
62
295
151
211
395
313
245
16
164
249
238
271
117
18
381
80
125
285
170
54
187
90
227
137
257
214
196
322
367
107
22
330
131
198
397
87
236
106
379
153
315
119
255
96
92
319
185
191
