113
79
178
188
207
214
221
224
230
240
241
252
260
280
283
295
298
304
310
318
327
338
358
379
388
391
396
397
398
411
412
417
436
499
502
522
537
538
548
555
575
585
604
657
668
704
705
721
733
787
789
814
852
874
884
891
903
920
941
959
982
997
1000
1025
1046
1055
1063
1064
1073
1082
1109
1152
1153
1161
1169
1180
1200
1218
1253
1261
1282
1294
1299
1323
1347
1351
1363
1405
1434
1438
1443
1454
1474
1510
1544
1548
1557
1559
1561
1571
1592
1601
1610
1651
1652
1661
1669
1679
1682
1686
1715
1758
1812
1813
154
28
77
55
40
119
92
33
153
13
51
94
141
106
149
90
100
109
159
15
135
113
124
64
63
125
117
34
84
122
56
105
89
102
10
86
101
151
127
35
111
59
54
78
95
76
46
110
62
162
114
150
132
73
70
123
137
120
39
80
97
31
72
14
1
4
20
37
88
157
43
47
0
118
5
82
44
158
48
164
148
126
115
74
38
103
138
42
108
30
131
107
112
142
66
32
3
12
93
16
26
116
2
67
22
27
147
98
9
99
154
143
81
104
140
129
69
53
152
75
24
45
71
134
133
145
61
19
96
17
130
160
91
8
65
6
29
18
25
156
79
146
144
41
155
52
161
21
23
121
11
128
50
85
136
