870
3
5
7
17
26
33
39
49
59
62
80
81
84
89
95
107
112
132
141
151
170
177
178
180
184
210
232
234
239
241
244
245
249
258
263
264
273
277
285
288
297
302
305
308
317
321
323
324
336
340
354
359
360
362
369
374
380
385
390
406
407
408
425
426
432
436
437
444
447
453
456
459
463
479
481
492
496
503
507
514
519
521
537
543
545
548
550
556
566
570
571
579
582
583
589
594
599
630
635
638
639
651
673
674
686
709
727
733
735
747
750
766
768
774
777
778
784
789
796
797
802
803
810
812
821
833
837
838
858
864
876
877
882
889
913
916
919
920
926
928
937
963
970
971
974
975
976
986
989
990
1003
1004
1005
1007
1022
1032
1035
1041
1045
1048
1067
1074
1079
1082
1087
1090
1091
1098
1099
1101
1102
1107
1109
1112
1121
1122
1124
1129
1134
1137
1141
1142
1147
1153
1166
1174
1182
1183
1184
1205
1208
1212
1214
1216
1225
1229
1247
1249
1264
1268
1286
1289
1293
1297
1300
1305
1323
1354
1358
1378
1381
1389
1393
1396
1406
1409
1415
1419
1445
1448
1481
1483
1489
1503
1511
1530
1531
1533
1537
1538
1544
1550
1565
1566
1574
1576
1579
1589
1597
1605
1610
1617
1624
1625
1629
1637
1651
1653
1654
1655
1660
1674
1691
1694
1700
1707
1709
1712
1714
1725
1728
1736
1738
1739
1747
1759
1760
1781
1792
1793
1794
1803
1809
1814
1819
1828
1838
1845
1857
1859
1863
1872
1874
1876
1880
1887
1890
1894
1895
1899
1902
1903
1905
1920
1923
1925
1927
1937
1950
1972
1987
1990
1997
1998
1999
2003
2008
2015
2017
2019
2023
2033
2035
2039
2042
2043
2044
2052
2056
2062
2067
2076
2088
2090
2108
2110
2114
2116
2126
2127
2128
2137
2146
2148
2158
2165
2175
2177
2178
2182
2191
2196
2199
2213
2219
2220
2225
2231
2234
2257
2269
2273
2274
2290
2291
2301
2309
2310
2316
2317
2320
2321
2322
2323
2324
2359
2365
2376
2378
2384
2388
2392
2395
2397
2400
2407
2415
2419
2422
2427
2438
2439
2443
2452
2474
2485
2487
2490
2494
2496
2499
2501
2504
2513
2519
2531
2550
2551
2565
2566
2570
2576
2583
2586
2604
2605
2606
2610
2611
2613
2617
2624
2632
2634
2636
2642
2650
2653
2659
2671
2672
2675
2681
2682
2683
2689
2695
2701
2706
2718
2720
2739
2741
2746
2747
2750
2757
2760
2763
2769
2773
2776
2778
2787
2789
2793
2797
2800
2804
2814
2818
2820
2823
2833
2834
2840
2862
2871
2875
2880
2882
2891
2892
2905
2909
2912
2924
2926
2928
2933
2943
2946
2948
2955
2963
2978
2983
3008
3013
3022
3023
3027
3028
3031
3032
3043
3044
3052
3053
3055
3059
3064
3066
3071
3076
3080
3098
3099
3105
3110
3113
3146
3156
3157
3165
3169
3173
3177
3178
3181
3190
3194
3195
3196
3202
3203
3225
3232
3233
3238
3241
3261
3264
3265
3287
3304
3309
3313
3314
3329
3333
3338
3344
3347
3349
3355
3378
3380
3382
3392
3396
3402
3403
3404
3426
3440
3442
3454
3465
3469
3470
3471
3472
3486
3502
3504
3505
3508
3519
3543
3549
3554
3563
3564
3571
3578
3579
3580
3582
3592
3594
3604
3618
3626
3649
3658
3662
3669
3676
3677
3685
3686
3698
3726
3731
3733
3734
3747
3759
3769
3770
3771
3791
3795
3796
3822
3830
3840
3846
3848
3856
3861
3862
3873
3877
3891
3892
3896
3907
3935
3936
3945
3955
3963
3970
3971
3973
3981
3994
4010
4017
4019
4020
4046
4047
4063
4067
4090
4096
4106
4114
4115
4117
4124
4133
4153
4166
4169
4173
4176
4183
4187
4198
4204
4214
4217
4220
4226
4229
4234
4237
4240
4248
4257
4261
4262
4272
4273
4281
4295
4316
4324
4330
4338
4341
4374
4384
4409
4412
4427
4434
4452
4455
4459
4468
4478
4481
4490
4495
4500
4511
4518
4519
4546
4552
4553
4559
4566
4574
4588
4600
4601
4610
4615
4617
4618
4623
4626
4637
4638
4646
4652
4653
4662
4665
4670
4692
4704
4709
4716
4731
4737
4738
4743
4748
4755
4757
4775
4781
4782
4783
4798
4803
4806
4809
4815
4820
4829
4830
4834
4840
4844
4845
4850
4852
4855
4857
4869
4871
4875
4877
4887
4890
4894
4895
4896
4915
4920
4944
4948
4950
4951
4952
4957
4963
4967
4972
4973
4983
4987
4994
4995
5003
5007
5017
5027
5029
5039
5047
5054
5055
5065
5068
5070
5075
5078
5085
5091
5098
5101
5116
5122
5124
5129
5133
5134
5138
5142
5143
5145
5161
5166
5167
5176
5178
5184
5189
5191
5192
5193
5207
5211
5223
5238
5240
5241
5243
5249
5260
5275
5286
5288
5290
5295
5296
5298
5311
5313
5315
5317
5322
5324
5334
5339
5355
5358
5359
5362
5365
5366
5369
5370
5373
5379
5394
5397
5400
5413
5414
5421
5434
5438
5445
5448
5451
5459
5468
5471
5472
5485
5487
5498
5499
5504
5507
5508
5518
5520
5524
5528
5529
5535
5537
5538
5553
5564
5566
5568
5572
5579
417
94
160
306
138
278
403
146
184
62
79
317
73
110
147
238
385
47
89
40
180
364
345
162
257
273
399
330
6
152
3
154
87
414
266
25
93
401
412
0
56
17
65
354
408
108
141
347
202
102
10
133
295
244
48
261
365
395
49
346
236
268
100
23
125
250
165
224
286
203
361
57
335
369
145
63
396
7
148
197
287
113
245
390
9
229
342
20
5
72
206
90
251
227
123
151
325
178
212
400
324
186
320
405
332
58
246
144
340
393
258
103
116
279
35
205
82
33
169
337
307
75
34
219
172
237
101
181
24
2
77
192
300
359
380
377
119
137
185
398
353
333
409
86
155
134
407
233
129
37
19
271
384
381
117
64
259
366
331
284
314
45
310
239
135
209
91
191
194
153
14
309
21
299
308
104
176
42
264
356
296
36
288
30
357
175
200
303
274
360
195
232
220
99
350
371
298
311
249
13
39
61
46
78
80
107
254
166
143
207
242
51
213
88
161
334
68
321
339
319
222
275
4
196
55
235
413
118
84
301
44
59
71
338
406
404
158
92
132
105
370
120
302
28
179
27
386
173
204
53
344
159
292
351
382
280
316
16
41
358
315
329
362
375
201
167
270
150
363
12
198
188
294
189
98
114
127
1
121
374
15
252
54
70
343
83
368
210
234
81
290
177
52
391
187
349
394
247
218
276
243
115
269
11
248
255
283
402
156
253
157
216
85
231
171
367
60
289
66
149
225
355
267
341
228
136
226
281
31
193
272
293
164
208
415
387
241
50
18
215
124
221
392
373
106
168
410
323
111
96
411
262
69
318
304
223
326
328
240
379
214
190
8
74
97
211
139
397
297
199
163
388
140
95
38
348
285
170
322
305
389
282
378
183
312
265
130
313
217
372
256
291
327
112
67
43
126
109
174
352
32
416
260
76
376
182
277
230
263
22
336
383
122
29
128
142
131
26
