149
9
11
35
38
44
50
58
70
85
88
105
119
121
128
133
138
144
146
150
162
169
174
176
182
197
202
208
209
211
212
214
223
230
239
244
245
248
251
255
257
265
279
285
287
294
299
303
306
312
313
319
356
360
364
376
388
391
397
401
404
412
423
435
438
441
446
461
465
485
487
488
489
495
502
506
511
538
552
556
558
565
567
581
582
584
594
611
615
616
630
636
648
653
684
702
711
713
720
727
738
749
755
760
762
764
771
783
787
788
795
825
827
836
845
852
858
864
867
876
888
897
915
918
931
950
951
955
959
965
966
969
972
975
979
988
993
1010
1023
1049
1064
1071
1072
1082
1085
1094
1095
1099
1100
1102
74
25
60
35
33
9
39
74
42
16
18
67
15
76
47
40
50
59
7
66
80
30
4
43
53
26
65
23
64
61
84
48
21
54
82
69
0
29
51
49
86
27
11
75
85
14
45
83
3
72
46
58
56
28
12
20
41
5
19
77
32
6
81
71
36
2
37
62
52
87
13
38
24
78
8
