149
11
20
23
27
42
46
54
72
75
94
104
107
110
118
148
155
173
181
189
200
203
208
214
226
227
235
237
240
249
256
257
258
261
262
276
277
283
298
299
312
315
318
319
332
337
342
349
351
352
355
365
370
381
394
396
405
423
429
439
452
455
457
460
469
489
494
506
512
515
532
543
546
556
559
579
581
588
589
599
606
620
621
625
630
634
648
654
676
677
682
709
718
728
731
740
751
754
761
773
777
778
787
793
797
801
806
816
831
841
859
862
872
875
888
896
899
900
903
910
911
918
922
924
928
952
968
973
975
983
988
1006
1019
1021
1024
1031
1033
1046
1054
1057
1059
1064
1067
1072
1075
1090
1095
1096
1100
1103
70
27
13
51
82
49
24
76
68
56
36
46
0
73
74
59
40
42
18
1
65
85
2
80
34
78
58
22
20
28
10
35
69
23
44
29
86
4
79
87
67
47
55
14
39
38
9
83
50
53
77
3
61
21
5
84
64
66
12
19
45
7
37
11
8
72
62
54
60
16
63
