1015
28
40
41
43
54
60
61
67
76
101
107
144
148
151
157
158
179
216
220
229
230
231
234
250
253
256
264
285
294
297
332
337
343
360
361
362
368
392
419
420
425
432
436
440
466
470
475
481
495
499
507
510
511
512
519
526
539
543
545
546
554
558
563
564
567
569
599
604
612
617
622
630
639
645
652
658
666
670
672
687
712
713
718
745
750
752
756
757
765
766
768
769
773
775
781
784
787
805
817
818
839
869
884
885
890
892
897
912
921
933
938
948
958
968
974
975
984
1001
1008
1009
1024
1035
1037
1043
1048
1053
1074
1083
1108
1113
1123
1129
1153
1162
1167
1172
1187
1188
1189
1191
1211
1214
1218
1219
1225
1226
1237
1243
1244
1257
1268
1280
1289
1291
1292
1303
1305
1306
1309
1316
1318
1331
1343
1344
1346
1350
1353
1364
1366
1368
1375
1381
1391
1394
1400
1404
1424
1434
1449
1454
1455
1465
1466
1467
1485
1490
1497
1523
1526
1527
1530
1536
1546
1558
1563
1565
1612
1625
1627
1629
1631
1637
1638
1648
1649
1653
1655
1656
1669
1674
1686
1694
1700
1735
1750
1761
1780
1783
1787
1788
1789
1804
1823
1827
1828
1849
1869
1889
1903
1911
1915
1942
1944
1947
1954
1970
1987
2000
2018
2020
2022
2041
2042
2043
2045
2047
2056
2062
2068
2071
2078
2091
2104
2107
2124
2127
2128
2134
2144
2145
2147
2153
2162
2163
2166
2167
2168
2180
2183
2184
2185
2191
2193
2199
2203
2204
2205
2229
2231
2253
2264
2274
2287
2321
2328
2330
2347
2367
2379
2393
2396
2397
2398
2408
2418
2423
2428
2441
2442
2443
2458
2463
2466
2471
2484
2485
2513
2516
2534
2535
2536
2555
2566
2585
2597
2602
2612
2623
2643
2658
2662
2666
2670
2675
2689
2692
2696
2697
2703
2714
2719
2722
2723
2725
2742
2748
2760
2766
2767
2771
2781
2798
2804
2807
2809
2814
2821
2825
2832
2841
2858
2859
2861
2880
2885
2888
2892
2894
2904
2907
2909
2911
2921
2927
2928
2935
2945
2971
2986
2997
3006
3046
3052
3055
3064
3091
3128
3130
3138
3149
3153
3163
3166
3169
3180
3185
3187
3202
3204
3215
3217
3223
3242
3246
3273
3278
3281
3283
3295
3305
3310
3312
3313
3357
3362
3390
3398
3408
3417
3429
3433
3436
3439
3451
3458
3470
3479
3481
3483
3487
3494
3518
3524
3541
3546
3576
3577
3580
3588
3591
3605
3629
3635
3642
3677
3679
3696
3697
3704
3706
3714
3715
3717
3723
3730
3744
3748
3753
3765
3778
3806
3820
3823
3838
3841
3849
3850
3852
3856
3860
3868
3877
3883
3888
3894
3897
3903
3909
3910
3915
3917
3933
3938
3946
3972
3976
3982
3989
4004
4015
4061
4070
4075
4083
4087
4102
4130
4132
4156
4157
4164
4166
4167
4172
4176
4186
4188
4191
4198
4205
4209
4210
4219
4224
4231
4254
4263
4269
4276
4286
4288
4294
4296
4298
4321
4328
4330
4340
4341
4354
4357
4369
4372
4381
4391
4399
4413
4416
4433
4435
4439
4442
4444
4452
4453
4455
4456
4471
4472
4473
4474
4482
4490
4494
4496
4499
4518
4522
4523
4532
4544
4546
4547
4553
4565
4586
4587
4589
4590
4594
4595
4605
4612
4634
4643
4645
4656
4657
4660
4661
4664
4665
4672
4673
4674
4682
4687
4689
4704
4706
4725
4726
4740
4744
4760
4790
4816
4824
4830
4835
4844
4852
4856
4858
4861
4871
4902
4913
4919
4920
4921
4928
4930
4942
4944
4951
4972
4973
4979
4982
4984
4998
5009
5018
5020
5024
5035
5040
5042
5055
5066
5067
5071
5079
5080
5086
5088
5107
5108
5124
5134
5136
5142
5152
5153
5162
5180
5189
5196
5204
5211
5218
5219
5224
5239
5241
5250
5260
5272
5302
5304
5311
5321
5327
5334
5342
5345
5362
5369
5373
5380
5397
5414
5423
5437
5455
5462
5472
5476
5493
5499
5501
5505
5506
5507
5524
5532
5539
5540
5546
5550
5556
5565
5577
5579
5582
5623
5624
5626
5654
5656
5664
5666
5685
5699
5714
5720
5721
5737
5771
5779
5780
5781
5783
5793
5797
5798
5803
5810
5815
5835
5853
5854
5872
5877
5887
5888
5901
5919
5929
5945
5948
5969
5990
5999
6004
6006
6018
6021
6033
6034
6040
6044
6055
6056
6086
6093
6094
6103
6108
6113
6117
6139
6147
6155
6167
6178
6201
6205
6206
6218
6228
6233
6249
6262
6265
6267
6268
6284
6293
6321
6330
6333
6336
6337
6340
6344
6347
6355
6363
6373
6375
6376
6377
6386
6406
6409
6414
6444
6445
6459
6465
6470
6474
6478
6480
6487
6493
6507
6511
6512
6514
6544
6547
6550
6584
6586
6588
6593
6609
6612
6631
6635
6640
6642
6647
6648
6652
6662
6664
6669
6670
6694
6698
6713
6722
6729
6737
6740
6742
6748
6749
6752
6765
6777
6781
6783
6790
6797
6803
6807
6808
6816
6817
6825
6836
6844
6847
6852
6853
6863
6876
6880
6884
6886
6895
6908
6910
6911
6927
6929
6934
6940
6995
7007
7010
7026
7034
7049
7058
7066
7067
7083
7085
7102
7107
7112
7113
7115
7132
7134
7136
7144
7147
7148
7151
7159
7160
7163
7165
7173
7178
7186
7188
7199
7201
7213
7219
7243
7256
7260
7263
7286
7294
7302
7309
7312
7320
7325
7343
7356
7362
7391
7422
7433
7438
7439
7440
7442
7454
7476
7486
7495
7499
7504
7505
7522
7524
7526
7529
7531
7536
7545
7547
7550
7555
7556
7569
7583
7591
7594
7637
7648
7651
7654
7657
7663
7668
7671
7672
7682
7687
7691
7705
7710
7715
7722
7728
7734
7738
7739
7740
7752
7757
7758
7762
7765
7767
7772
7812
7813
7817
7822
7845
7882
7896
7914
7919
7937
7943
7954
7963
7968
7971
7990
7997
8000
8018
8043
8045
8055
8057
8063
8066
8080
8086
8087
8104
8105
8136
8137
8139
8141
8146
8163
8165
8170
8177
8185
8186
8194
8196
8205
8224
8226
8230
8252
8253
8257
8260
8263
8264
8268
8302
8303
172
30
138
106
134
41
43
88
158
5
86
100
167
153
10
49
87
34
175
137
75
81
111
128
16
32
79
90
123
35
92
80
51
84
45
72
7
56
93
173
99
94
36
101
96
0
110
46
29
141
14
177
65
118
47
156
140
122
61
2
108
83
126
63
168
139
91
58
52
150
105
6
21
70
130
78
146
145
160
117
44
39
18
121
15
152
124
24
25
104
116
20
162
66
11
102
129
163
71
17
28
89
120
109
115
4
12
53
114
37
171
179
135
155
113
31
48
8
112
82
174
9
166
62
170
23
148
159
55
67
85
176
178
149
42
1
131
164
27
143
144
40
142
157
136
132
147
3
50
97
77
127
57
22
103
74
107
98
151
68
76
13
169
95
26
133
165
172
19
69
161
73
119
