986
36
41
43
51
61
64
69
74
75
85
98
104
107
121
132
146
149
154
158
173
199
209
211
214
230
257
259
270
282
284
290
331
375
388
403
405
424
430
469
560
578
582
595
606
630
656
658
666
721
725
735
746
784
795
809
860
888
895
913
924
933
942
943
944
955
989
992
995
998
1003
1007
1012
1049
1073
1077
1093
1109
1111
1142
1163
1167
1168
1184
1185
1203
1238
1279
1322
1372
1379
1384
1394
1405
1486
1501
1504
1527
1532
1537
1564
1580
1599
1614
1628
1649
1692
1706
1710
1728
1737
1746
1767
1825
1854
1855
1859
1877
1897
1912
1923
1943
1944
1963
2028
2040
2041
2059
2079
2091
2096
2105
2118
2142
2146
2227
2230
2236
2253
2299
2308
2310
2311
2313
2314
2331
2348
2352
2354
2360
2368
2384
2405
2412
2480
2486
2504
2514
2530
2550
2551
2553
2562
2604
2610
2637
2638
2649
2655
2673
2675
2699
2713
2719
2738
2771
2777
2804
2809
2812
2816
2828
2847
2873
2902
2904
2922
2923
2932
2954
2987
3022
3025
3033
3047
3048
3069
3100
3110
3115
3134
3141
3151
3163
3195
3200
3231
3244
3298
3301
3313
3322
3334
3345
3346
3348
3380
3404
3440
3452
3466
3473
3479
3517
3533
3546
3562
3580
3632
3647
3667
3679
3713
3734
3760
3775
3783
3788
3789
3790
3813
3841
3912
3915
3952
3958
3972
3981
3984
4007
4011
4047
4053
4061
4091
4102
4126
4134
4234
4249
4255
4274
4279
4338
4344
4345
4370
4389
4405
4466
4505
4521
4527
4540
4580
4584
4589
4592
4605
4630
4633
4650
4657
4667
4692
4715
4719
4730
4739
4747
4765
4798
4803
4840
4850
4883
4892
4904
4912
4913
4964
5036
5038
5041
5048
5081
5095
5104
5109
5115
5137
5143
5164
5165
5206
5214
5225
5227
5246
5260
5275
5288
5290
5303
5310
5333
5344
5351
5362
5367
5369
5371
5373
5383
5385
5390
5391
5395
5400
5403
5416
5422
5431
5441
5444
5449
5453
5463
5491
5495
5512
5541
5564
5600
5615
5618
5624
5628
5642
5651
5679
5683
5708
5745
5764
5771
5795
5815
5816
5832
5853
5860
5867
5881
5883
5891
5902
5916
5930
5950
6006
6010
6014
6018
6039
6046
6047
6050
6071
6088
6129
6142
6151
6173
6174
6180
6191
6209
6233
6234
6236
6283
6287
6306
6323
6332
6340
6361
6410
6411
6412
6422
6437
6463
6470
6472
6481
6495
6546
6567
6571
6590
6591
6592
6599
6602
6610
6616
6635
6640
6648
6652
6656
6664
6698
6723
6734
6737
6739
6744
6780
6783
6793
6806
6811
6831
6899
6927
6931
6947
6957
6962
6974
6988
7006
7019
7032
7041
7051
7092
7120
7122
7148
7151
7174
7187
7223
7280
7296
7297
7312
7323
7336
7354
7371
7378
7392
7402
7409
7413
7429
7440
7484
7497
7506
7511
7518
7535
7541
7551
7562
7564
7565
7567
7575
7581
7599
7604
7615
7625
7633
7637
7650
7665
7671
7686
7719
7737
7746
7763
7780
7844
7891
7909
7915
7926
7951
7953
7966
7976
8055
8067
8070
8073
8091
8098
8109
8130
8141
8151
8164
8182
8184
8185
8191
8228
8247
8257
8259
8263
8272
8296
8341
8346
8359
8390
8397
8406
8425
8438
8448
8451
8516
8532
8548
8553
8572
8586
8615
8653
8683
8700
8711
8715
8727
8751
8767
8769
8796
8811
8815
8832
8875
8881
8886
8906
8917
8930
8936
8964
9006
9015
9022
9028
9036
9072
9093
9105
9153
9158
9167
9189
9192
9194
9235
9236
9284
9332
9347
9362
9363
9368
9397
9403
9406
9411
9429
9435
9437
9486
9523
9530
9552
9556
9557
9563
9576
9588
9591
9618
9634
9644
9646
9648
9668
9706
9716
9815
9832
9851
9855
9886
9910
9925
9968
9989
9993
10007
10009
10032
10041
10054
10057
10072
10077
10080
10083
10084
10087
10112
10136
10139
10215
10225
10247
10251
10269
10298
10318
10321
10335
10343
10354
10355
10356
10366
10391
10402
10410
10424
10425
10430
10433
10447
10483
10499
10500
10529
10533
10535
10536
10574
10580
10588
10592
10594
10596
10597
10600
10601
10609
10643
10659
10665
10668
10735
10736
10776
10790
10792
10812
10819
10823
10828
10842
10860
10879
10889
10914
10925
10934
10947
10955
10959
10965
10989
10994
11005
11044
11053
11059
11066
11078
11088
11093
11114
11127
11133
11216
11218
11235
11255
11259
11279
11281
11286
11289
11301
11305
11320
11338
11393
11404
11410
11437
11439
11442
11444
11456
11465
11499
11500
11503
11516
11520
11532
11539
11570
11588
11602
11622
11633
11646
11671
11676
11687
11689
11692
11706
11718
11719
11724
11738
11739
11740
11753
11760
11773
11777
11778
11781
11783
11804
11825
11826
11855
11889
11916
11917
11920
11922
11927
11933
11935
11953
11987
11990
12010
12032
12041
12044
12118
12155
12159
12161
12170
12209
12210
12218
12220
12222
12262
12269
12273
12275
12279
12281
12288
12315
12358
12391
12395
12410
12435
12461
12462
12474
12477
12495
12509
12517
12525
12546
12571
12594
12621
12653
12658
12686
12693
12699
12704
12705
12725
12745
12766
12768
12812
12817
12819
12832
12847
12870
12890
12892
12971
12988
12999
13007
13055
13058
13059
13061
13063
13064
13098
13101
13117
13119
13129
13164
13178
13186
13200
13218
13223
13233
13248
13251
13281
13285
13293
13341
13347
13355
13369
13380
13389
13390
13404
13415
13429
13442
13472
13481
13489
13503
13537
13574
13603
13636
13638
13658
13661
13679
13688
13725
13733
13737
13759
13797
13828
13829
13869
13883
13886
13887
13926
13928
13949
13958
13968
13973
13979
14000
14013
14015
14018
14025
14033
14038
14043
14044
14054
14058
14062
14064
14082
14090
14096
14111
14139
14149
14159
14170
14180
14184
14202
14208
14215
14222
14229
14260
14299
14314
14324
14394
14411
14422
14457
14459
14482
14509
14526
14532
14542
14593
14597
14614
14618
14630
14641
14682
14721
14726
14727
14752
14770
14778
14779
14782
14795
14831
14842
14868
14881
14908
468
327
432
350
291
79
95
441
401
251
189
131
312
204
226
30
135
92
202
315
440
199
306
33
242
117
277
447
102
272
308
255
75
203
279
336
391
417
295
309
222
471
110
115
9
213
285
129
53
160
346
128
201
74
367
340
324
474
172
473
388
387
84
25
438
159
18
171
360
349
49
60
335
377
394
333
286
72
68
178
422
207
57
125
381
253
85
137
271
314
256
456
424
421
98
23
32
224
185
437
405
200
127
467
418
183
59
450
252
156
235
268
216
355
191
71
408
254
3
101
322
139
406
311
86
317
44
361
133
143
16
339
341
195
396
119
249
444
62
50
393
219
465
423
443
348
192
481
77
428
39
48
0
454
248
64
330
334
395
451
87
404
211
448
261
141
148
379
283
7
332
290
433
472
354
299
73
323
461
112
198
344
132
303
269
163
375
238
142
113
14
120
439
378
274
24
464
446
13
206
116
28
457
103
168
81
80
136
310
328
11
412
17
449
371
366
316
247
368
282
301
458
289
122
227
186
194
212
51
229
153
265
384
52
353
358
109
460
236
91
338
2
167
426
356
302
228
243
468
165
264
278
364
20
413
31
414
170
258
399
174
321
257
263
124
435
329
67
415
434
455
105
140
34
469
1
166
54
184
108
313
43
217
359
121
419
459
239
345
383
58
88
111
293
305
386
83
400
288
463
326
267
107
155
304
63
151
38
357
479
209
436
197
262
41
260
145
273
104
382
162
369
318
223
220
97
215
319
477
397
476
99
480
352
149
134
154
66
462
475
240
176
193
266
427
21
70
402
281
45
69
173
234
445
152
380
370
147
89
180
158
65
407
337
296
342
210
8
47
231
93
225
284
76
118
56
37
4
343
420
453
181
233
182
245
411
287
307
237
130
157
276
376
10
205
22
392
230
430
416
12
187
297
94
294
365
179
409
244
42
35
250
232
398
5
221
425
177
431
403
61
362
452
15
373
82
190
164
138
175
292
196
161
351
146
442
241
188
374
123
429
6
40
347
363
470
390
106
169
90
331
298
478
218
208
280
29
214
144
410
389
100
246
466
385
55
36
26
325
