647
43
46
48
66
73
78
79
87
102
115
139
144
204
220
228
266
271
278
283
330
334
345
359
376
381
397
400
403
411
416
422
425
427
443
445
454
456
458
466
473
481
484
497
498
510
511
523
529
543
544
550
554
560
574
592
599
626
634
643
653
660
661
672
701
716
717
726
728
773
777
793
796
805
808
817
819
826
829
831
832
856
867
884
887
896
897
902
906
911
915
921
930
938
948
961
966
982
999
1007
1008
1024
1031
1035
1043
1053
1067
1088
1092
1102
1109
1119
1133
1136
1137
1138
1143
1154
1166
1170
1182
1186
1200
1205
1238
1247
1300
1309
1314
1319
1324
1335
1340
1348
1354
1365
1380
1393
1404
1427
1430
1446
1472
1482
1501
1502
1508
1513
1514
1518
1519
1524
1531
1537
1548
1552
1567
1575
1577
1581
1608
1613
1614
1616
1622
1630
1632
1633
1636
1647
1649
1659
1661
1673
1687
1696
1705
1706
1731
1736
1737
1741
1744
1765
1776
1802
1805
1815
1817
1821
1854
1857
1868
1891
1898
1911
1934
1959
1972
1974
1987
2000
2002
2010
2019
2028
2029
2036
2040
2056
2062
2065
2070
2076
2083
2089
2096
2099
2100
2106
2114
2122
2125
2127
2137
2158
2183
2192
2231
2248
2249
2278
2305
2306
2307
2310
2311
2313
2315
2319
2327
2332
2339
2344
2353
2359
2375
2382
2423
2438
2464
2471
2479
2498
2499
2527
2533
2539
2562
2583
2591
2594
2611
2616
2618
2627
2631
2654
2655
2660
2680
2683
2728
2753
2764
2778
2782
2787
2788
2802
2807
2830
2845
2853
2883
2886
2888
2889
2900
2901
2905
2917
2918
2939
2944
2961
2964
2989
2991
2994
3000
3004
3011
3026
3038
3058
3077
3078
3110
3116
3122
3125
3133
3136
3138
3149
3159
3161
3169
3179
3190
3208
3211
3223
3230
3232
3246
3256
3257
3281
3285
3289
3291
3302
3314
3315
3335
3336
3355
3357
3368
3373
3376
3387
3398
3400
3447
3452
3456
3459
3471
3515
3547
3559
3560
3561
3564
3565
3567
3572
3582
3583
3588
3617
3622
3624
3647
3660
3662
3666
3680
3697
3710
3711
3712
3742
3776
3780
3812
3815
3820
3850
3853
3864
3869
3873
3893
3895
3906
3910
3915
3924
3928
3937
3946
3947
3953
3965
3973
4003
4005
4007
4015
4018
4039
4047
4054
4068
4077
4114
4123
4127
4132
4146
4150
4156
4163
4169
4178
4180
4196
4207
4218
4225
4226
4235
4238
4240
4248
4267
4271
4272
4274
4291
4294
4295
4297
4304
4310
4311
4319
4342
4346
4356
4357
4363
4391
4392
4427
4428
4454
4459
4461
4464
4476
4478
4502
4505
4507
4511
4527
4531
4532
4551
4559
4560
4563
4568
4577
4599
4620
4623
4625
4635
4653
4661
4672
4699
4701
4719
4722
4737
4740
4785
4788
4791
4796
4807
4812
4814
4826
4829
4847
4875
4876
4909
4918
4941
4942
4951
4969
4972
4973
5003
5010
5063
5098
5099
5109
5120
5127
5136
5140
5159
5167
5168
5188
5190
5200
5202
5205
5217
5228
5245
5246
5257
5264
5276
5279
5292
5294
5306
5309
5331
5349
5352
5359
5376
5381
5393
5399
5411
5422
5428
5429
5430
5437
5466
5467
5473
5483
5490
5493
5507
5508
5512
5515
5534
5548
5569
5575
5581
5594
5597
5601
5602
5603
5610
5625
5635
5636
5644
5648
5652
5663
5696
5699
5703
5707
5709
5711
5730
5735
5736
5743
5745
5761
5765
5785
5805
5813
5829
5853
5866
5879
5883
5906
5914
5927
5939
5947
5949
5970
6011
6015
6029
6033
6041
6043
6064
6068
6097
6105
6117
6123
6133
6135
6140
6145
6147
6152
6159
6160
6175
6218
6220
6240
6246
6247
6264
6271
6275
6281
6293
6300
6308
6328
6336
6341
6342
6375
6384
6387
6420
6425
6426
6435
6462
170
18
140
106
124
36
120
13
85
103
113
149
165
72
50
136
7
39
42
79
59
133
58
172
170
89
96
153
33
100
160
99
45
41
88
60
48
169
16
142
108
122
166
126
134
47
137
53
138
109
168
1
54
161
125
115
76
9
80
158
5
4
118
32
97
40
162
81
82
51
163
56
63
155
128
132
49
167
43
114
104
154
77
110
92
11
159
173
17
94
101
34
87
117
90
6
61
24
62
46
15
74
105
10
14
44
3
75
135
147
8
66
20
146
78
98
102
145
19
37
131
0
139
148
22
84
156
175
150
93
130
129
144
30
111
21
27
123
177
86
119
141
57
152
29
28
83
143
55
73
64
52
164
65
95
116
70
69
151
157
31
67
35
2
171
68
38
121
71
91
127
