317
107
119
125
132
214
217
269
270
275
322
324
362
368
383
411
476
496
597
609
610
611
623
689
734
780
800
817
853
871
905
945
973
982
1030
1033
1034
1044
1060
1082
1090
1106
1111
1114
1158
1161
1173
1260
1310
1319
1339
1381
1388
1393
1411
1419
1478
1516
1526
1527
1587
1596
1598
1602
1608
1623
1636
1649
1674
1699
1704
1722
1723
1726
1779
1793
1799
1820
1867
1873
1885
1900
1994
2014
2015
2027
2040
2043
2065
2086
2087
2099
2110
2166
2186
2193
2205
2209
2224
2266
2295
2325
2341
2373
2446
2580
2581
2595
2614
2628
2629
2640
2682
2710
2760
2763
2774
2805
2812
2814
2836
2837
2843
2854
2879
2889
2893
2896
2927
2928
2932
3023
3065
3068
3084
3087
3096
3104
3115
3200
3239
3245
3246
3260
3312
3328
3329
3353
3411
3415
3433
3509
3511
3540
3549
3554
3560
3561
3575
3596
3598
3612
3651
3660
3690
3692
3703
3718
3735
3749
3750
3775
3799
3836
3839
3852
3874
3879
3902
3917
3934
3965
4005
4051
4067
4083
4147
4148
4240
4273
4286
4287
4301
4310
4346
4348
4373
4409
4416
4440
4445
4449
4464
4483
4490
4493
4504
4529
4538
4555
4568
4597
4605
4635
4646
4656
4709
4752
4831
4842
4858
4869
4902
4903
4922
4942
4964
4971
5081
5082
5093
5118
5197
5212
5213
5220
5245
5269
5278
5288
5333
5338
5339
5371
5373
5425
5451
5457
5460
5504
5581
5582
5593
5597
5629
5664
5771
5789
5811
5842
5850
5866
5883
5894
5928
5946
5970
5976
6000
6069
6100
6137
6203
6205
6223
6237
6254
6290
6314
6321
6352
6369
6373
6378
6474
6537
6574
6581
6596
6609
6618
6622
6657
6782
6795
6798
6805
6840
6889
6920
6956
6964
6973
7000
7012
7096
7101
7106
7119
7172
7174
7197
7239
7257
7265
7269
7303
7360
381
53
381
118
164
340
181
11
227
363
329
61
150
348
149
272
179
60
193
345
238
260
248
247
23
358
160
89
386
29
127
282
375
28
22
24
377
379
303
62
141
151
128
137
359
57
219
378
394
146
88
34
295
387
59
197
124
370
222
170
84
5
235
133
25
51
194
143
41
217
136
163
294
171
161
346
216
105
322
401
274
117
268
314
83
70
17
299
8
352
254
309
43
383
365
110
316
123
1
310
30
364
76
296
109
270
357
298
324
320
318
156
301
306
223
244
391
6
281
267
69
111
256
27
313
58
275
388
152
230
355
196
52
351
175
321
114
369
308
139
213
366
307
278
31
195
277
73
362
191
72
280
271
237
215
289
184
239
90
115
20
333
188
3
85
356
241
97
273
68
325
132
15
214
361
382
186
287
380
86
134
347
232
91
207
269
205
176
187
373
283
204
174
75
344
154
71
183
211
200
276
212
47
177
350
229
284
87
390
182
349
38
199
302
261
4
312
106
374
224
262
336
165
112
392
192
265
257
342
252
95
293
93
40
158
113
167
253
385
129
384
37
103
50
327
155
66
335
96
263
221
304
0
81
242
64
55
279
98
396
250
368
159
36
246
264
39
259
79
166
19
107
249
14
319
16
140
202
80
130
9
45
125
94
173
185
311
398
331
35
209
338
78
92
145
18
56
218
315
33
21
290
297
203
198
400
49
119
236
226
126
393
288
395
245
7
63
367
100
74
157
266
101
317
326
178
162
67
339
225
231
46
360
122
65
210
102
341
305
354
300
147
337
26
13
206
104
180
131
54
172
285
48
372
240
168
343
291
286
12
148
371
42
332
77
135
292
328
330
389
44
142
234
251
323
144
99
2
208
32
334
10
