114
107
109
114
122
147
166
168
174
179
181
185
189
199
203
215
247
248
255
269
271
279
280
281
302
303
309
318
326
328
329
342
346
352
354
359
362
364
381
395
396
412
424
431
432
433
442
458
475
494
495
498
506
509
519
532
537
555
560
571
572
573
579
594
598
602
617
621
622
628
633
642
653
657
678
679
690
693
696
702
725
733
741
746
755
767
777
781
782
805
809
812
823
826
833
835
837
847
855
858
878
879
904
908
916
919
958
970
979
981
985
996
999
1005
1016
353
116
291
217
211
336
335
264
269
182
101
146
65
70
249
198
294
331
262
58
187
174
366
77
10
348
287
128
252
88
358
272
302
360
140
308
200
9
180
369
18
71
317
60
129
6
164
261
300
136
343
323
119
319
87
148
159
105
97
147
231
345
372
92
234
121
137
244
68
298
184
185
120
251
230
299
160
362
257
57
290
75
131
221
266
355
273
214
113
94
28
122
329
110
11
306
289
36
320
138
49
176
142
46
213
55
102
89
279
50
32
12
339
107
327
285
177
209
149
45
363
277
38
37
118
19
228
364
5
326
192
61
267
22
14
13
193
265
220
238
342
35
274
283
260
133
21
305
33
321
69
99
143
30
215
309
76
196
226
284
222
227
186
100
286
20
108
178
123
64
233
111
324
239
72
268
280
3
293
59
254
224
240
23
85
316
80
374
1
16
292
253
216
312
229
152
112
139
334
62
51
205
175
0
338
337
41
158
115
204
350
86
219
310
315
104
154
237
357
353
295
361
78
349
288
161
29
169
235
84
190
34
248
144
167
223
117
52
130
218
151
328
93
208
91
47
172
114
67
171
250
199
157
297
275
7
191
83
255
162
155
206
156
247
241
56
95
127
356
42
168
39
43
40
31
73
90
96
346
282
181
318
259
322
307
74
79
183
304
26
270
371
53
301
126
202
330
352
166
188
179
170
246
134
332
195
82
2
145
63
258
207
243
48
296
344
225
27
4
359
354
313
54
109
15
103
66
124
341
351
203
153
278
245
106
194
135
365
281
236
303
232
8
242
370
163
201
44
210
197
189
263
271
212
