280
35
44
52
55
75
84
98
105
107
110
120
127
128
141
147
148
164
165
166
171
173
185
187
189
195
202
208
221
225
227
238
252
262
263
268
274
289
299
308
311
314
322
328
344
346
368
370
375
378
379
395
422
443
457
460
469
476
479
480
485
503
533
538
540
547
558
564
574
585
589
610
612
615
616
624
626
629
644
667
690
699
709
714
722
732
733
741
751
755
756
761
768
802
816
820
826
861
862
871
901
915
920
926
928
929
959
972
977
1001
1012
1030
1036
1037
1046
1052
1058
1075
1085
1103
1108
1111
1112
1116
1127
1138
1139
1140
1148
1161
1166
1179
1182
1185
1203
1206
1212
1217
1218
1230
1248
1256
1268
1277
1287
1293
1300
1320
1330
1343
1346
1347
1351
1363
1377
1380
1383
1389
1394
1398
1399
1406
1422
1426
1440
1449
1506
1517
1527
1547
1559
1561
1566
1572
1583
1585
1587
1598
1606
1629
1636
1655
1656
1660
1670
1675
1717
1737
1750
1771
1773
1788
1811
1838
1848
1861
1863
1869
1871
1875
1890
1892
1904
1907
1923
1945
1951
1962
1966
1977
1979
1990
2008
2019
2024
2025
2039
2044
2062
2066
2073
2079
2095
2118
2121
2153
2166
2173
2182
2185
2189
2198
2213
2219
2223
2225
2235
2263
2269
2274
2293
2294
2304
2328
2344
2353
2356
2357
2378
2381
2387
2403
2408
2414
2417
2422
2428
2438
2441
2449
2453
2464
2471
2473
2476
2505
2522
2528
2530
2534
2560
2561
2573
2574
2584
2588
2595
2603
2615
2620
2621
154
27
98
151
83
47
155
85
94
24
93
31
145
144
0
59
5
86
128
19
90
69
121
18
60
2
36
129
99
100
14
132
106
66
23
107
113
118
139
72
45
105
84
114
15
53
70
125
40
51
131
62
82
6
146
56
154
117
38
35
95
126
10
152
61
87
115
123
148
119
92
17
74
140
160
8
11
78
76
81
104
1
96
97
77
26
111
9
73
124
101
67
37
157
63
28
153
68
34
103
109
65
150
30
156
108
91
116
42
13
52
159
141
112
20
89
122
48
49
134
133
54
127
136
22
147
80
32
39
46
21
43
41
120
79
130
7
55
50
143
135
158
88
33
142
57
149
71
58
16
12
3
110
4
44
