308
262
267
274
286
323
345
377
411
448
459
469
474
490
508
516
520
661
707
761
769
799
809
830
859
867
890
937
963
964
969
977
1083
1102
1115
1185
1190
1200
1281
1301
1316
1324
1375
1376
1393
1404
1471
1536
1567
1589
1604
1605
1619
1621
1651
1668
1688
1707
1737
1769
1784
1785
1790
1836
1868
1893
1948
2115
2146
2175
2188
2200
2266
2332
2339
2380
2384
2447
2487
2494
2518
2527
2548
2549
2610
2631
2658
2720
2726
2732
2807
2832
2849
2928
2932
2954
2973
2982
3063
3065
3117
3159
3209
3216
3229
3268
3277
3324
3335
3342
3347
3353
3461
3483
3509
3522
3567
3653
3681
3705
3707
3741
3823
3828
3855
3877
3908
3978
4093
4106
4121
4125
4127
4194
4201
4301
4321
4476
4483
4512
4518
4537
4580
4632
4640
4661
4828
4830
4837
4849
4912
4943
4956
5032
5052
5144
5214
5241
5331
5382
5383
5426
5434
5437
5492
5502
5532
5536
5555
5563
5568
5570
5625
5633
5723
5779
5782
5787
5807
5860
5867
5870
5911
5941
5945
5983
6055
6109
6148
6226
6236
6265
6295
6346
6374
6386
6387
6444
6467
6546
6562
6607
6678
6690
6696
6759
6785
6922
6977
7037
7048
7072
7078
7175
7220
7304
7321
7345
7365
7398
7404
7447
7499
7506
7518
7539
7567
7621
7644
7666
7670
7673
7691
7706
7747
7812
7817
7836
7894
7946
8008
8112
8120
8260
8285
8296
8298
8306
8329
8341
8366
8484
8503
8561
8570
8667
8707
8767
8770
8812
8820
8888
8916
8924
8929
9004
9040
9057
9086
9098
9120
9166
9176
9191
9195
9282
9286
9308
9348
9350
9423
9517
9563
9597
9615
9662
9668
9708
9714
9743
9819
9831
9862
9878
9912
9914
9954
10011
10070
10097
10104
10111
10146
10170
10174
10217
10257
10296
10297
169
48
14
0
12
98
116
20
2
53
66
27
21
90
163
22
183
58
28
143
102
117
8
108
88
19
140
159
6
64
135
95
151
34
84
11
164
146
160
177
25
23
166
134
83
171
167
110
161
43
77
169
133
3
85
9
49
17
13
115
120
61
86
92
132
68
65
5
40
51
149
89
18
36
100
87
99
180
141
172
70
69
79
181
45
145
136
31
1
111
38
74
97
121
182
127
50
142
176
125
76
165
129
124
52
67
29
168
147
80
35
72
91
30
7
104
179
131
106
113
32
173
175
78
155
4
109
56
57
101
128
122
119
118
153
73
178
55
93
63
54
62
71
33
59
130
174
44
126
75
170
148
144
15
107
138
105
10
42
114
123
152
137
162
158
103
26
37
39
150
