232
71
102
127
129
132
137
145
148
152
159
164
178
194
196
202
208
224
227
230
232
233
235
248
251
262
268
281
298
312
321
339
343
372
404
411
415
419
422
429
460
471
477
495
503
504
507
514
517
522
533
545
553
564
566
569
574
575
586
587
590
605
608
615
620
621
643
648
652
666
693
737
738
746
760
765
772
789
791
810
823
824
833
847
867
870
875
881
890
901
907
927
936
949
974
976
984
986
990
995
996
998
1005
1015
1025
1026
1039
1064
1065
1066
1076
1083
1085
1099
1104
1106
1123
1153
1163
1188
1189
1215
1217
1218
1222
1224
1227
1233
1234
1249
1251
1270
1273
1279
1286
1287
1300
1301
1316
1320
1341
1344
1365
1367
1372
1390
1398
1402
1405
1413
1452
1469
1473
1484
1487
1502
1503
1518
1542
1550
1560
1580
1581
1583
1599
1609
1644
1653
1659
1660
1673
1680
1715
1716
1723
1724
1729
1738
1751
1752
1760
1763
1778
1785
1791
1792
1806
1815
1816
1822
1829
1838
1848
1857
1864
1874
1877
1895
1897
1899
1902
1908
1910
1916
1918
1920
1936
1942
1956
1961
1965
1981
1985
1987
1996
2009
2030
2039
2042
2054
2055
2064
2065
2075
2117
2128
2132
2139
2144
2145
2156
2168
2180
163
13
4
122
54
112
60
10
136
120
34
27
35
3
12
111
107
17
83
65
80
46
121
93
51
135
166
137
159
30
132
26
53
25
47
100
115
142
160
165
147
146
129
15
130
56
67
125
114
101
94
143
72
113
6
98
85
84
31
63
55
77
64
70
69
62
109
24
156
11
75
57
133
149
148
58
1
117
38
92
88
127
151
44
78
61
22
66
14
96
28
104
49
124
162
16
134
163
91
42
123
99
95
110
48
167
118
105
138
157
68
82
164
152
116
145
87
106
59
32
50
90
141
18
158
20
119
23
0
74
21
97
2
126
108
102
154
73
5
150
79
161
86
89
153
29
40
144
139
7
43
37
41
81
128
19
103
155
45
140
33
9
71
131
