873
30
36
39
54
60
66
67
72
74
84
91
101
113
114
117
123
125
127
128
131
132
142
149
151
191
199
203
209
210
216
219
246
260
266
272
280
291
297
310
315
316
318
326
330
339
344
345
349
350
352
357
358
361
362
367
380
389
392
396
407
414
419
421
428
431
434
435
442
447
448
452
453
461
468
471
483
487
507
513
518
521
542
544
556
573
584
585
591
596
598
600
602
616
618
663
671
676
682
692
694
706
708
709
710
711
715
728
742
757
758
762
771
773
780
785
790
799
813
816
829
830
838
842
845
853
858
871
872
876
879
880
882
888
892
927
938
942
949
958
962
964
966
968
972
985
988
991
995
1006
1011
1013
1020
1025
1026
1033
1041
1054
1055
1085
1088
1098
1108
1110
1125
1127
1140
1144
1145
1151
1153
1158
1171
1173
1177
1199
1205
1206
1209
1211
1215
1217
1219
1222
1223
1235
1237
1257
1260
1270
1287
1296
1297
1299
1301
1304
1316
1328
1339
1346
1349
1364
1396
1404
1416
1423
1433
1434
1437
1439
1458
1465
1466
1467
1481
1499
1505
1508
1509
1518
1532
1562
1573
1584
1586
1587
1593
1604
1606
1610
1624
1626
1627
1634
1647
1653
1660
1666
1669
1680
1682
1685
1694
1700
1713
1715
1725
1747
1748
1765
1777
1787
1791
1799
1802
1807
1808
1809
1810
1811
1814
1815
1820
1823
1844
1854
1864
1866
1867
1874
1892
1900
1910
1912
1919
1924
1925
1927
1932
1938
1946
1951
1956
1959
1960
1969
1971
1982
1985
1991
1999
2011
2012
2015
2022
2024
2027
2028
2044
2048
2050
2056
2060
2065
2066
2072
2074
2075
2084
2101
2115
2122
2129
2139
2141
2148
2149
2156
2160
2162
2163
2179
2183
2185
2188
2193
2199
2201
2206
2209
2214
2217
2236
2240
2262
2264
2267
2269
2273
2276
2284
2288
2294
2297
2298
2306
2310
2312
2314
2324
2325
2329
2334
2343
2345
2351
2353
2354
2366
2367
2371
2377
2387
2388
2400
2411
2416
2431
2434
2450
2451
2462
2464
2467
2470
2474
2482
2496
2503
2508
2515
2525
2530
2538
2551
2553
2559
2570
2571
2579
2587
2589
2599
2605
2608
2609
2616
2620
2624
2625
2632
2636
2638
2640
2649
2667
2679
2683
2701
2708
2725
2728
2736
2738
2748
2763
2766
2770
2772
2775
2777
2792
2795
2797
2798
2802
2819
2826
2838
2841
2856
2858
2861
2864
2865
2869
2872
2873
2875
2896
2916
2927
2956
2959
2961
2963
2967
2970
2976
2980
2997
2999
3003
3005
3008
3009
3018
3028
3033
3034
3039
3040
3042
3045
3058
3064
3076
3084
3091
3097
3101
3108
3115
3125
3135
3146
3154
3158
3176
3177
3179
3193
3199
3221
3222
3224
3230
3231
3233
3235
3236
3237
3238
3248
3259
3268
3273
3282
3284
3300
3301
3306
3308
3326
3330
3333
3336
3337
3339
3354
3360
3363
3364
3369
3374
3378
3380
3383
3394
3399
3402
3408
3409
3419
3422
3423
3426
3433
3435
3438
3439
3440
3442
3449
3466
3467
3469
3470
3482
3496
3499
3501
3503
3504
3516
3518
3528
3537
3543
3544
3547
3558
3563
3565
3577
3583
3594
3596
3603
3605
3607
3615
3627
3632
3634
3637
3638
3641
3646
3648
3651
3668
3672
3674
3680
3683
3684
3692
3701
3703
3704
3710
3721
3728
3733
3757
3758
3764
3772
3784
3793
3802
3806
3812
3815
3827
3828
3851
3855
3859
3862
3863
3867
3873
3874
3886
3907
3908
3910
3911
3915
3920
3925
3926
3929
3939
3948
3955
3968
3973
3978
3980
3982
3989
3995
4025
4027
4030
4032
4038
4050
4070
4074
4078
4079
4089
4093
4096
4099
4109
4115
4122
4126
4129
4131
4133
4134
4135
4137
4148
4153
4157
4172
4173
4175
4176
4178
4191
4197
4199
4206
4214
4220
4225
4233
4234
4240
4245
4248
4260
4266
4268
4271
4273
4276
4285
4286
4294
4298
4311
4326
4338
4342
4354
4356
4362
4367
4375
4376
4380
4392
4397
4404
4414
4416
4418
4434
4436
4437
4440
4442
4445
4451
4489
4498
4500
4510
4511
4518
4529
4536
4538
4539
4545
4547
4551
4552
4564
4570
4571
4584
4592
4596
4638
4643
4663
4666
4673
4674
4675
4692
4698
4712
4722
4725
4739
4742
4744
4746
4756
4757
4770
4778
4788
4793
4795
4798
4804
4815
4824
4831
4832
4837
4839
4841
4848
4850
4852
4863
4877
4890
4895
4898
4900
4911
4922
4924
4925
4943
4944
4945
4963
4964
4967
4973
4982
4984
4998
5019
5023
5032
5043
5049
5068
5070
5076
5085
5088
5098
5103
5106
5116
5120
5126
5127
5136
5139
5140
5143
5146
5147
5154
5157
5159
5162
5167
5176
5181
5185
5205
5210
5219
5236
5239
5243
5249
5252
5254
5261
5264
5265
5272
5274
5296
5300
5303
5312
5318
5319
5324
5341
5347
5353
5355
5364
5369
5392
5393
5395
5398
5401
5404
5409
5411
5412
5414
5416
5434
5437
5439
5442
5443
5466
5468
5469
5471
5474
5476
5481
5491
5501
5505
5507
5511
5514
5525
5532
5535
5541
5546
5550
5572
5573
5579
404
106
322
310
326
127
378
1
389
236
65
43
335
373
229
351
154
380
104
40
78
360
125
404
261
141
164
361
307
227
12
238
367
401
99
60
265
324
320
225
174
197
177
72
16
253
139
93
122
20
332
223
242
355
352
398
201
191
79
47
74
19
96
263
266
97
173
102
273
161
333
388
366
181
299
14
255
138
364
83
272
248
185
412
231
308
257
356
11
70
217
34
317
258
120
98
153
393
226
400
381
87
262
158
349
374
59
179
402
384
215
119
353
182
8
130
46
203
152
334
212
196
408
112
218
385
224
115
94
209
107
3
144
28
54
81
347
406
394
108
121
190
109
140
211
146
75
321
68
163
175
337
198
284
51
114
132
345
206
103
30
7
123
234
376
303
343
309
205
305
18
240
267
306
166
331
365
160
2
387
41
368
276
396
76
290
291
342
369
339
100
330
228
0
414
170
298
403
162
129
395
246
323
56
42
377
219
221
147
410
113
247
128
282
281
27
189
275
341
9
148
64
25
391
390
340
313
292
357
329
294
110
124
88
259
105
415
379
50
285
22
33
304
23
354
278
235
200
359
318
397
295
53
24
187
184
416
405
288
220
382
392
29
399
363
283
202
44
362
5
66
156
314
21
328
370
86
289
239
327
126
371
413
171
188
319
325
150
269
131
48
71
256
92
270
6
149
137
287
63
358
251
274
350
383
178
214
252
58
222
32
101
264
271
344
301
90
186
45
26
254
36
85
157
213
38
73
375
145
80
372
151
133
176
143
95
348
346
315
245
316
142
39
10
297
91
293
117
302
135
300
67
69
159
386
237
192
82
411
336
338
57
35
208
241
243
77
15
89
118
210
277
134
280
49
168
136
17
31
250
232
233
55
62
311
155
279
199
165
216
195
230
312
407
52
172
84
13
193
244
167
61
169
286
180
