149
21
34
40
43
47
48
70
75
77
91
101
104
106
127
131
132
146
147
151
153
155
157
172
178
180
206
220
224
247
252
261
264
270
276
277
278
288
303
306
308
311
318
345
346
347
348
357
359
384
387
389
396
407
408
413
417
420
422
426
433
437
452
484
485
493
497
525
535
536
545
549
555
557
576
584
586
588
594
596
602
605
610
613
623
650
662
683
715
728
736
738
752
759
760
782
790
792
793
805
820
823
829
836
849
851
854
861
863
888
892
893
895
900
904
913
919
925
934
936
937
940
950
958
962
964
972
978
1003
1005
1012
1015
1031
1033
1034
1036
1039
1045
1046
1057
1059
1066
1072
1074
1075
1076
1083
1087
1089
1107
71
58
56
8
46
67
7
84
5
20
24
18
76
81
71
12
1
2
68
49
61
33
60
80
87
14
4
11
22
10
31
83
40
86
26
25
38
72
57
0
69
29
70
19
73
62
16
15
39
13
78
36
47
23
53
3
28
64
77
85
74
45
65
42
9
51
48
41
43
30
44
54
