869
6
14
19
23
29
33
35
40
47
52
54
57
63
87
93
137
149
155
166
174
188
211
218
222
228
234
260
265
272
293
300
302
309
331
352
354
384
413
428
430
452
458
483
500
516
531
532
538
554
557
566
574
594
601
604
630
650
655
659
667
669
677
680
684
685
687
691
712
726
728
756
795
849
850
852
872
891
901
945
946
947
956
961
986
995
1011
1033
1038
1039
1079
1101
1102
1112
1149
1151
1160
1163
1190
1191
1192
1211
1217
1220
1238
1240
1249
1253
1261
1298
1300
1306
1310
1320
1325
1341
1388
1397
1413
1421
1452
1456
1523
1549
1558
1579
1580
1589
1595
1597
1633
1634
1639
1644
1653
1658
1665
1668
1677
1690
1692
1695
1698
1701
1708
1721
1726
1756
1758
1761
1777
1786
1791
1800
1806
1815
1836
1846
1866
1869
1873
1899
1938
1958
1984
2004
2007
2014
2026
2034
2047
2074
2100
2130
2139
2145
2150
2215
2240
2260
2273
2280
2281
2286
2291
2322
2325
2365
2377
2379
2399
2412
2417
2419
2429
2439
2454
2456
2459
2474
2480
2497
2503
2504
2523
2528
2535
2554
2573
2575
2585
2635
2643
2659
2690
2702
2715
2718
2732
2738
2750
2756
2763
2781
2798
2799
2806
2807
2813
2816
2846
2875
2877
2911
2914
2917
2925
2926
2934
2986
2987
2991
3017
3047
3067
3076
3081
3083
3127
3130
3141
3157
3163
3169
3176
3177
3180
3210
3214
3227
3229
3232
3247
3248
3253
3286
3290
3299
3324
3325
3328
3349
3356
3374
3442
3452
3479
3489
3491
3504
3524
3532
3548
3564
3565
3575
3586
3613
3618
3645
3690
3699
3703
3715
3742
3757
3759
3771
3774
3791
3803
3811
3825
3827
3836
3858
3873
3909
3913
3918
3943
3962
3979
4002
4025
4030
4047
4051
4065
4069
4082
4103
4152
4158
4184
4194
4195
4203
4249
4251
4282
4302
4309
4313
4332
4349
4404
4413
4453
4455
4458
4474
4476
4479
4493
4507
4528
4558
4606
4614
4615
4640
4651
4659
4668
4670
4687
4709
4716
4739
4759
4773
4774
4775
4776
4797
4806
4825
4831
4851
4859
4883
4884
4885
4892
4908
4918
4923
4927
4931
4968
4973
4985
4987
4990
5004
5014
5015
5033
5037
5041
5059
5065
5070
5109
5123
5139
5153
5165
5176
5184
5195
5201
5228
5235
5238
5242
5248
5262
5271
5310
5317
5323
5330
5333
5341
5355
5366
5369
5395
5409
5410
5419
5435
5449
5450
5470
5474
5504
5509
5521
5529
5533
5539
5547
5550
5596
5599
5618
5628
5644
5648
5658
5660
5666
5674
5675
5688
5723
5765
5769
5781
5788
5790
5791
5808
5811
5878
5888
5901
5928
5948
5949
5959
5960
5982
5983
5995
6003
6004
6006
6024
6043
6048
6055
6057
6069
6075
6094
6111
6113
6122
6131
6143
6153
6162
6166
6175
6177
6210
6225
6239
6262
6319
6348
6357
6382
6390
6401
6421
6515
6518
6519
6522
6527
6538
6561
6567
6568
6573
6581
6586
6593
6596
6597
6604
6608
6610
6630
6649
6665
6688
6705
6725
6789
6790
6811
6835
6844
6846
6857
6859
6874
6877
6890
6911
6924
6936
6968
6972
6984
7011
7041
7072
7081
7083
7106
7152
7196
7198
7206
7224
7253
7275
7276
7292
7303
7307
7322
7323
7326
7331
7335
7349
7351
7404
7406
7424
7455
7464
7474
7482
7493
7521
7524
7533
7570
7576
7577
7585
7601
7609
7617
7631
7635
7674
7683
7694
7702
7710
7713
7774
7821
7824
7834
7866
7872
7876
7877
7885
7891
7912
7926
7931
7938
7956
7957
7962
7968
7969
7972
7976
7994
8017
8025
8053
8055
8065
8099
8109
8138
8139
8141
8145
8149
8162
8163
8168
8181
8203
8214
8227
8231
8256
8258
8297
8308
8321
8327
8328
8354
8356
8365
8388
8398
8401
8406
8409
8421
8434
8436
8439
8440
8452
8455
8473
8500
8526
8529
8539
8556
8557
8577
8578
8603
8606
8612
8614
8625
8628
8646
8664
8670
8673
8678
8697
8726
8728
8738
8741
8748
8757
8780
8787
8789
8794
8819
8831
8844
8865
8868
8925
8930
8937
8952
8954
8967
8971
8987
8989
8991
9005
9034
9054
9072
9097
9132
9155
9167
9170
9201
9218
9250
9265
9271
9278
9280
9289
9301
9306
9324
9343
9344
9347
9396
9425
9457
9466
9480
9487
9531
9545
9546
9559
9561
9574
9596
9611
9617
9634
9651
9663
9672
9678
9683
9700
9721
9728
9736
9737
9802
9826
9842
9844
9858
9917
9930
9938
9944
9971
9984
10000
10026
10031
10044
10047
10063
10068
10072
10073
10090
10094
10101
10105
10109
10113
10121
10128
10130
10133
10144
10145
10156
10165
10176
10217
10227
10253
10258
10264
10274
10279
10282
10306
10307
10334
10343
10349
10367
10374
10391
10400
10408
10423
10425
10426
10441
10469
10479
10494
10516
10520
10533
10539
10563
10566
10569
10593
10604
10613
10623
10627
10628
10632
10641
10654
10688
10695
10708
10735
10755
10757
10759
10781
10782
10787
10789
10818
10824
10826
10831
10852
10879
10896
10908
10938
10945
10956
10979
10987
10997
11027
11031
11043
11045
11054
11072
11082
11083
11139
11189
11192
11200
11220
11223
11258
11265
11268
11297
11315
185
74
48
157
57
61
177
60
22
169
32
84
82
28
144
123
174
11
31
105
68
55
150
75
35
9
116
125
138
56
101
104
170
90
165
16
26
109
181
41
45
155
52
172
6
159
136
42
96
78
130
103
24
152
107
134
115
173
132
167
180
58
119
175
139
20
86
143
0
113
151
146
12
54
27
97
30
182
176
137
51
3
87
183
36
98
162
114
126
37
4
29
163
99
38
118
171
80
10
81
164
140
69
49
39
92
85
1
127
77
120
112
161
153
141
106
128
33
14
59
147
111
23
62
158
160
43
178
76
2
108
53
25
135
110
17
131
47
21
166
15
154
66
91
46
102
122
44
129
63
88
156
72
133
67
100
148
179
121
13
5
184
70
64
50
71
142
79
149
93
89
73
18
34
95
8
117
168
65
19
145
124
94
83
7
40
