135
23
110
121
134
164
172
224
230
244
249
256
286
290
294
295
301
304
308
339
357
371
379
385
389
399
406
417
469
473
487
522
527
535
538
552
583
588
608
617
657
671
675
677
684
714
720
734
756
774
793
801
807
812
813
860
868
875
901
905
910
957
965
971
977
989
1045
1060
1063
1066
1067
1106
1128
1199
1213
1216
1266
1272
1274
1277
1312
1326
1345
1379
1399
1433
1439
1473
1487
1490
1523
1561
1581
1582
1591
1602
1604
1656
1658
1683
1700
1704
1742
1768
1819
1822
1854
1857
1862
1871
1889
1899
1928
1929
1938
1957
1971
1994
2000
2001
2003
2034
2056
2058
2073
2078
2103
2141
2145
2163
2175
2178
2198
2215
2238
2242
102
14
7
23
109
85
33
39
72
126
6
25
46
60
97
70
30
1
54
108
86
42
132
113
32
47
36
111
27
94
8
83
20
127
34
19
124
50
74
40
4
114
118
69
11
98
107
38
87
71
103
17
115
43
131
15
64
56
104
41
0
116
22
18
106
52
55
26
79
16
117
21
77
102
66
13
89
105
45
37
61
44
68
100
110
122
84
80
12
90
96
57
99
78
123
59
130
58
91
2
95
76
82
