149
34
50
53
55
65
81
86
109
111
121
132
133
140
148
170
172
178
185
192
211
220
233
234
254
260
265
271
287
289
315
335
343
375
376
377
379
397
402
404
405
452
481
490
493
513
530
536
550
559
561
568
569
598
613
623
637
655
656
681
728
736
761
780
785
787
793
796
803
805
806
820
827
828
831
838
839
846
858
865
873
879
891
913
925
931
936
939
945
956
972
977
1008
1022
1057
1073
1081
1085
1091
1119
1129
1143
1185
1192
1196
1200
1217
1225
1230
1241
1245
1254
1258
1262
1263
1267
1275
1299
1312
1315
1324
1333
1397
1403
1409
1410
1426
1437
1441
1444
1447
1451
1458
1464
1475
1477
1482
1488
1507
1514
1520
1523
1532
1533
1534
1550
1555
1563
1565
1593
357
369
59
31
145
281
342
293
349
142
332
21
22
54
227
305
182
218
337
122
41
98
79
294
243
228
380
10
97
277
85
176
244
366
165
263
344
101
90
129
87
241
148
50
362
223
216
379
45
140
134
80
209
239
2
35
264
233
53
100
285
219
257
167
147
109
372
296
81
46
156
316
376
382
282
84
358
9
6
311
58
375
260
226
318
29
378
274
144
334
102
74
328
1
256
12
253
33
197
132
367
333
343
0
287
49
230
36
312
169
193
224
371
290
206
32
279
289
51
236
158
347
20
247
284
267
329
259
341
73
340
11
48
354
373
83
115
160
377
261
92
336
315
26
251
93
210
113
297
201
60
150
82
30
353
291
217
368
273
314
195
303
72
108
331
190
136
262
19
221
183
288
42
240
275
308
104
272
120
232
181
110
99
187
350
103
155
292
153
302
44
141
64
271
116
88
162
189
23
95
355
374
63
126
235
215
94
184
38
300
278
107
185
280
128
130
242
212
204
17
306
268
270
194
352
211
124
77
96
127
7
111
269
360
245
357
323
234
255
56
173
24
28
313
220
339
180
71
304
14
106
119
170
327
351
166
39
213
191
364
335
146
365
5
326
361
325
345
225
363
69
105
123
164
89
157
25
203
200
62
27
208
198
246
55
196
338
57
52
133
237
381
61
171
152
78
266
319
309
37
229
118
295
250
4
40
67
283
330
238
16
207
91
346
324
370
356
66
258
138
248
3
121
254
298
112
192
172
231
286
43
34
265
317
186
252
222
249
321
307
202
76
15
149
177
163
348
47
139
65
301
320
276
199
131
154
178
8
