928
81
109
128
151
193
194
205
207
236
239
243
267
278
288
348
372
384
411
421
457
474
480
493
519
521
563
571
572
592
593
622
632
662
699
711
713
747
753
762
783
805
824
851
884
920
932
1008
1017
1030
1032
1051
1054
1056
1062
1080
1099
1122
1157
1167
1176
1180
1198
1204
1218
1219
1233
1239
1255
1256
1261
1270
1280
1303
1307
1327
1328
1354
1359
1364
1396
1399
1426
1441
1442
1461
1468
1473
1476
1488
1505
1508
1523
1527
1542
1548
1629
1637
1656
1661
1666
1670
1676
1695
1708
1712
1753
1760
1762
1825
1830
1840
1842
1860
1864
1868
1871
1882
1893
1902
1925
1934
1935
1944
1951
1976
1981
1983
1988
2007
2017
2023
2033
2038
2094
2100
2116
2132
2133
2170
2193
2204
2206
2210
2228
2238
2241
2258
2261
2282
2302
2321
2341
2362
2364
2376
2379
2393
2394
2399
2400
2421
2425
2428
2432
2539
2550
2586
2589
2600
2607
2609
2640
2661
2664
2693
2697
2726
2750
2755
2784
2791
2801
2839
2886
2929
2960
2965
2967
2968
2975
2983
2989
2992
2995
3048
3054
3061
3103
3144
3162
3172
3174
3179
3180
3242
3256
3267
3273
3300
3304
3335
3369
3397
3405
3408
3423
3498
3545
3560
3596
3599
3616
3623
3636
3655
3692
3732
3738
3787
3804
3813
3828
3833
3837
3884
3905
3907
3912
3916
3921
3931
3933
3963
3966
3978
3991
3992
4003
4009
4022
4023
4026
4044
4067
4218
4257
4263
4290
4332
4340
4363
4374
4391
4434
4446
4464
4498
4513
4515
4531
4547
4548
4564
4571
4583
4585
4604
4610
4615
4620
4630
4633
4641
4645
4647
4652
4692
4699
4701
4704
4711
4725
4761
4762
4768
4814
4824
4867
4874
4880
4886
4888
4894
4906
4913
4958
4983
4985
4987
5005
5018
5035
5043
5050
5077
5103
5126
5139
5141
5151
5178
5186
5195
5196
5209
5217
5225
5262
5281
5285
5339
5341
5369
5388
5408
5419
5438
5441
5456
5478
5542
5551
5579
5587
5607
5609
5619
5631
5648
5655
5663
5675
5751
5759
5778
5797
5812
5826
5858
5894
5898
5902
5914
5980
5987
5999
6025
6036
6040
6041
6042
6070
6092
6098
6113
6137
6155
6182
6193
6196
6200
6208
6211
6223
6243
6250
6255
6266
6288
6299
6300
6303
6312
6332
6335
6338
6341
6350
6354
6389
6414
6417
6431
6433
6461
6481
6524
6530
6570
6578
6584
6592
6601
6606
6621
6631
6653
6666
6667
6697
6705
6718
6734
6740
6746
6748
6815
6827
6830
6839
6854
6867
6868
6900
6906
6932
6950
6955
6965
6966
6996
7006
7020
7022
7031
7069
7081
7089
7110
7153
7165
7186
7190
7197
7265
7272
7280
7292
7343
7367
7372
7378
7389
7435
7446
7462
7469
7481
7495
7503
7521
7529
7541
7557
7580
7594
7603
7610
7614
7653
7673
7684
7693
7732
7744
7762
7805
7820
7874
7876
7893
7897
7920
7931
7934
7979
7981
7983
7999
8022
8040
8051
8063
8098
8112
8115
8172
8178
8179
8182
8209
8231
8242
8254
8266
8333
8337
8340
8355
8358
8364
8374
8386
8388
8422
8423
8426
8445
8465
8484
8485
8489
8533
8539
8541
8554
8577
8596
8616
8623
8665
8677
8683
8689
8707
8708
8714
8716
8721
8736
8741
8751
8765
8779
8807
8861
8878
8883
8923
8930
8966
9010
9017
9028
9037
9055
9075
9085
9118
9141
9145
9170
9173
9179
9199
9217
9254
9257
9259
9291
9297
9303
9306
9310
9318
9367
9399
9405
9475
9502
9506
9555
9563
9573
9574
9598
9608
9648
9654
9681
9703
9724
9737
9740
9747
9772
9775
9779
9786
9849
9876
9908
9915
9935
9944
9962
9989
10000
10004
10009
10019
10068
10072
10082
10089
10091
10118
10119
10146
10173
10174
10184
10195
10219
10299
10308
10327
10355
10369
10383
10392
10425
10430
10442
10451
10458
10459
10460
10488
10498
10512
10524
10537
10561
10582
10588
10598
10602
10604
10605
10636
10641
10644
10660
10670
10678
10688
10708
10716
10732
10744
10756
10757
10758
10768
10774
10793
10803
10809
10815
10825
10834
10871
10896
10898
10903
10939
10948
10950
10958
10984
10986
10991
11025
11039
11080
11083
11096
11130
11135
11149
11158
11177
11178
11181
11222
11226
11240
11259
11268
11299
11304
11362
11421
11427
11429
11448
11481
11492
11514
11518
11529
11544
11553
11557
11569
11586
11590
11622
11635
11679
11681
11692
11696
11702
11708
11749
11754
11774
11784
11787
11832
11908
11914
11931
11934
11937
11938
11949
11960
11962
11971
11977
12002
12006
12034
12047
12052
12060
12083
12094
12111
12123
12126
12143
12146
12176
12181
12184
12186
12216
12252
12260
12282
12287
12303
12315
12317
12379
12405
12413
12436
12459
12487
12505
12521
12539
12579
12593
12624
12648
12665
12675
12692
12699
12705
12709
12744
12747
12760
12763
12883
12903
12907
12914
12929
12943
12950
13021
13060
13068
13098
13135
13169
13181
13186
13207
13229
13250
13263
13279
13288
13292
13309
13319
13325
13346
13373
13384
13394
13398
13408
13416
13418
13443
13457
13498
13504
13525
13534
13543
13569
13578
13581
13595
13613
13617
13652
13654
13663
13680
13694
13709
13721
13725
13729
13730
13747
13759
13760
13846
13855
13862
13863
13877
13903
13916
13948
13982
13983
13985
13993
14009
14037
14058
14088
14111
14112
14116
14117
14125
14212
14233
14240
14252
14262
14271
14277
14291
14334
14356
14394
14424
14438
14478
14536
14563
14571
14572
14591
14596
14602
14610
14624
14626
14634
14637
14643
14646
14649
14659
14666
14681
14687
14689
14697
14713
14746
14747
14766
14769
14853
14868
14870
14889
14903
14932
14947
472
158
330
263
51
292
152
82
218
52
5
140
352
105
477
364
429
45
374
398
327
1
470
393
204
76
210
219
445
142
481
295
111
476
227
252
420
339
467
21
161
328
431
177
276
69
144
133
478
121
406
260
433
291
240
96
356
391
172
47
208
187
98
363
38
101
183
418
469
376
154
316
216
71
250
115
257
303
164
388
259
322
9
354
314
10
272
224
203
261
264
373
70
301
342
74
160
435
20
464
243
403
77
156
323
17
468
317
283
55
326
386
176
83
266
57
253
428
27
14
304
417
78
174
310
6
128
248
31
153
72
350
211
192
139
118
456
274
196
421
413
365
68
465
439
269
262
280
457
62
63
338
411
324
126
381
238
282
123
443
309
383
409
13
256
188
334
371
289
92
379
231
451
236
212
104
438
425
474
273
372
312
117
271
341
384
49
182
39
404
136
43
333
294
412
436
150
235
368
54
185
347
337
42
344
287
220
181
461
217
67
360
50
147
95
44
361
479
357
3
171
270
452
242
348
159
107
230
449
359
245
35
315
424
251
108
75
178
148
195
40
146
410
233
385
23
226
110
7
60
202
432
463
149
22
296
30
91
222
455
61
340
167
169
441
94
446
34
426
191
401
415
321
48
399
173
300
444
299
64
124
197
416
33
163
241
200
175
132
0
24
466
165
396
298
395
81
437
102
122
275
135
113
16
265
80
141
472
397
423
336
106
239
138
2
215
313
290
97
198
87
318
180
279
454
228
460
343
109
223
56
86
394
166
53
73
90
221
440
170
358
162
134
37
320
247
93
351
284
400
8
12
206
355
189
25
116
325
32
58
190
331
114
79
137
229
286
18
103
112
28
246
99
392
85
353
205
448
213
168
427
193
130
422
129
382
143
390
387
41
453
120
145
65
414
305
346
345
66
244
377
84
184
29
375
209
297
407
237
349
119
199
302
179
151
442
127
473
59
207
281
475
26
366
19
194
234
268
471
329
155
380
11
277
370
100
285
462
214
434
293
362
306
89
389
46
419
335
249
408
88
131
186
125
4
157
278
36
458
369
402
232
480
319
405
450
15
254
367
267
201
332
255
