128
55
232
239
277
280
287
310
358
368
391
438
457
460
480
485
497
561
577
592
607
622
627
637
643
681
712
725
734
746
757
776
809
822
835
841
843
860
871
890
918
950
970
1003
1068
1078
1079
1085
1113
1168
1181
1183
1185
1187
1240
1246
1253
1261
1273
1356
1357
1377
1379
1384
1396
1398
1407
1414
1454
1460
1472
1507
1529
1559
1573
1582
1599
1602
1652
1694
1698
1729
1740
1764
1765
1767
1769
1778
1795
1796
1813
1831
1843
1851
1863
1866
1898
1945
1946
1961
1964
1986
1989
1992
1997
2002
2030
2051
2058
2100
2122
2128
2129
2215
2242
2300
2307
2310
2327
2336
2346
2364
2371
2378
2388
2392
2400
2412
2416
160
76
94
55
114
151
8
89
79
44
59
132
43
66
15
113
68
155
48
14
121
129
70
123
72
12
54
30
71
99
7
116
17
122
34
83
111
24
2
45
47
29
107
78
82
32
1
95
60
103
98
88
126
117
96
162
57
22
112
80
156
137
73
140
26
158
142
143
153
118
110
150
65
69
109
104
139
120
134
13
10
135
115
4
52
84
90
16
38
148
97
108
77
145
100
6
9
146
152
36
37
91
133
53
41
56
3
64
149
0
58
31
147
106
25
87
86
28
21
49
131
161
75
102
23
18
11
46
42
33
157
93
19
85
40
144
20
154
62
130
138
51
124
92
35
119
141
125
136
160
39
81
61
159
128
127
101
27
50
67
5
