97
217
233
269
293
295
310
331
332
354
436
451
464
466
470
494
506
510
511
519
540
565
578
603
636
653
688
789
835
845
873
902
951
980
1027
1049
1057
1072
1115
1121
1131
1133
1197
1198
1204
1237
1242
1270
1288
1306
1316
1320
1325
1355
1381
1387
1393
1399
1430
1433
1459
1467
1469
1505
1512
1526
1531
1539
1548
1573
1579
1580
1590
1596
1628
1741
1751
1754
1782
1801
1831
1835
1863
1876
1891
1913
1932
1959
1994
2014
2027
2054
2078
2082
2085
2114
2155
2156
162
25
6
156
153
10
73
45
33
107
82
44
158
9
47
41
12
163
157
7
115
150
43
39
102
63
85
116
142
103
71
72
1
131
80
139
96
97
35
134
121
20
19
98
4
67
77
100
30
53
88
5
13
91
34
117
64
27
74
130
70
136
135
151
24
36
58
133
8
162
154
108
81
68
60
144
95
110
111
37
146
114
48
78
143
69
145
104
90
54
101
118
75
3
94
161
148
84
109
55
160
31
149
152
76
46
122
89
40
86
18
124
87
113
56
138
128
32
28
120
126
137
29
65
132
125
0
22
49
2
141
38
119
129
159
83
21
52
93
15
26
164
14
51
123
147
105
57
62
16
11
66
17
92
112
23
59
79
61
99
42
155
106
