75
82
88
114
135
176
201
205
208
247
248
249
271
274
285
321
347
371
392
470
520
541
562
577
617
622
741
749
759
760
791
803
820
843
846
855
866
888
929
935
1000
1043
1045
1084
1086
1109
1176
1190
1201
1213
1243
1245
1275
1276
1299
1334
1342
1344
1345
1363
1378
1382
1415
1464
1499
1505
1537
1547
1655
1657
1686
1740
1755
1778
1796
1839
117
6
102
89
133
96
72
115
5
1
16
54
94
69
44
113
32
124
156
66
107
123
93
37
81
122
17
45
130
100
143
25
155
26
144
131
55
92
119
19
31
4
160
137
80
40
57
126
78
52
75
2
7
51
163
134
95
129
42
106
27
60
74
125
61
142
162
90
9
20
48
0
138
146
109
84
64
118
24
21
68
3
50
108
136
132
29
141
41
28
49
22
135
70
150
23
34
117
91
36
65
53
46
85
105
152
157
87
147
58
97
112
151
161
164
121
99
77
