70
90
118
206
275
278
283
285
287
296
315
330
338
364
376
388
409
448
488
540
558
577
596
655
680
722
820
863
876
928
930
1066
1073
1077
1098
1099
1112
1123
1135
1157
1229
1230
1291
1295
1303
1306
1309
1341
1363
1374
1389
1398
1422
1437
1483
1491
1520
1533
1650
1669
1676
1679
1702
1707
1764
1788
1790
1809
1813
1821
1829
124
134
1
53
57
126
25
71
66
141
15
58
8
101
31
143
114
52
110
26
65
63
46
120
78
67
20
23
7
98
161
6
107
159
96
54
80
147
60
36
125
64
18
142
157
105
3
95
164
133
86
140
79
77
69
122
12
51
145
38
123
116
113
115
131
45
5
41
103
43
153
9
72
13
118
155
39
91
102
132
100
42
56
0
10
83
22
156
37
55
111
24
70
92
49
29
148
75
74
152
99
84
73
119
81
109
162
104
16
160
154
59
28
163
11
47
61
121
19
17
68
82
130
32
106
