277
14
45
47
50
61
67
82
112
116
118
129
136
144
148
151
152
177
189
198
209
214
219
221
222
240
243
256
271
280
281
308
328
340
345
365
366
377
399
401
404
408
413
421
427
438
444
464
467
485
494
513
515
527
532
547
548
550
554
559
564
572
576
581
584
587
593
600
603
611
612
618
621
631
638
656
672
702
703
709
721
727
729
742
745
748
749
754
806
848
851
852
858
859
863
869
873
877
895
902
920
926
952
953
958
974
993
999
1008
1019
1031
1065
1066
1069
1076
1085
1086
1089
1091
1093
1103
1114
1116
1121
1122
1132
1135
1151
1171
1177
1181
1183
1189
1208
1210
1214
1222
1225
1226
1232
1239
1241
1264
1271
1305
1316
1318
1319
1331
1351
1352
1359
1388
1397
1405
1408
1414
1426
1438
1459
1466
1511
1516
1521
1527
1534
1551
1553
1567
1597
1610
1627
1632
1636
1651
1652
1656
1659
1669
1674
1688
1701
1709
1719
1738
1746
1747
1752
1768
1785
1806
1808
1812
1820
1822
1829
1845
1855
1862
1866
1873
1883
1890
1897
1910
1912
1917
1933
1936
1940
1952
1960
1965
1967
1977
1994
1998
2003
2007
2048
2064
2065
2067
2082
2085
2091
2097
2099
2105
2110
2141
2148
2152
2168
2170
2179
2189
2195
2197
2213
2217
2223
2227
2247
2264
2267
2269
2297
2307
2309
2318
2340
2351
2365
2381
2384
2406
2431
2438
2440
2473
2482
2487
2491
2504
2510
2521
2528
2544
2553
2563
2564
2567
2579
2601
2609
2615
2624
158
68
160
130
64
52
117
89
129
124
15
135
132
45
123
61
60
6
77
42
66
116
0
12
121
93
109
150
131
157
41
3
69
2
82
63
36
106
81
110
56
104
55
107
29
115
25
97
141
78
58
48
156
136
9
28
133
112
87
33
144
153
11
30
38
13
26
100
102
10
99
148
143
23
54
139
40
17
92
24
72
159
67
76
44
142
125
7
70
32
88
134
51
111
126
73
43
119
98
16
108
146
155
4
80
90
154
91
65
50
128
103
62
14
79
57
18
59
34
122
37
1
86
31
114
113
84
21
145
120
49
105
96
138
95
137
152
35
85
8
47
118
147
27
74
83
127
149
71
5
20
158
101
151
39
75
46
19
53
