148
2
110
118
124
130
133
140
148
168
170
171
180
184
189
209
212
220
225
235
236
252
262
281
285
294
326
329
332
345
360
373
375
379
407
422
433
446
452
454
455
456
457
461
467
503
523
548
560
568
571
572
588
592
596
605
627
636
642
657
658
686
694
700
702
714
719
725
727
729
732
749
761
771
778
783
785
789
796
826
845
850
862
870
896
901
904
908
925
927
931
959
975
982
993
994
995
996
1032
1041
1046
1048
1051
1061
1067
1068
1073
1103
1108
1110
1114
1124
1140
1157
1225
1235
1251
1253
1269
1284
1286
1289
1296
1299
1362
1364
1379
1386
1388
1389
1405
1424
1433
1434
1435
1450
1454
1455
1462
1478
1480
1489
1497
1516
1524
1562
1576
1584
1596
354
118
353
135
73
57
0
32
49
60
152
148
190
181
282
81
51
330
375
149
246
187
14
289
195
219
169
198
262
313
137
252
179
5
196
138
299
116
248
209
161
321
308
93
288
145
35
177
23
328
20
24
112
337
62
360
265
8
30
238
377
345
365
372
184
314
338
56
128
307
210
295
333
325
50
9
117
189
239
64
111
245
127
253
1
26
47
203
274
85
131
213
183
132
75
86
285
296
351
88
267
150
22
297
266
354
202
123
287
254
114
348
3
318
113
100
231
201
247
77
59
222
323
10
298
380
327
40
249
199
173
82
53
178
275
278
52
163
130
332
136
13
7
43
335
350
342
133
361
228
257
164
258
329
317
229
312
255
226
305
364
355
301
370
58
371
18
283
2
84
151
71
72
33
339
134
90
95
159
206
42
346
344
376
349
68
205
343
276
363
336
185
107
223
347
38
191
322
243
167
78
147
106
54
211
176
41
256
110
264
235
122
28
217
292
304
194
101
11
207
121
97
373
182
208
241
25
269
6
141
188
29
156
4
324
268
96
259
17
273
16
74
104
44
251
309
99
94
381
162
155
66
316
352
286
315
197
174
48
172
240
234
357
46
368
142
37
331
87
61
215
79
170
281
39
294
124
237
168
45
216
334
291
125
270
193
153
250
374
89
280
115
126
200
175
379
271
356
341
302
230
212
204
311
109
171
225
224
319
227
236
19
119
300
220
34
310
67
242
233
154
120
382
306
218
108
326
105
378
143
192
160
70
27
367
80
166
103
358
186
139
129
232
272
263
36
92
359
144
21
293
244
55
69
340
