218
63
70
71
76
78
79
84
100
109
110
116
120
124
132
133
137
138
152
156
180
181
185
191
194
211
224
228
245
248
249
268
290
294
303
314
328
370
372
381
389
390
399
406
408
410
411
419
420
431
434
436
446
453
467
469
471
486
487
505
507
519
522
533
545
547
550
573
574
589
601
624
626
641
643
662
663
692
702
716
738
757
762
773
781
790
792
799
802
803
816
827
841
872
896
918
923
929
933
958
965
976
987
988
1013
1016
1017
1018
1026
1031
1045
1049
1050
1059
1075
1085
1097
1108
1110
1112
1118
1124
1129
1138
1157
1164
1171
1176
1179
1187
1193
1225
1228
1235
1245
1250
1272
1282
1312
1313
1320
1331
1341
1344
1367
1374
1375
1379
1381
1383
1390
1397
1398
1427
1443
1453
1462
1468
1471
1486
1505
1517
1518
1519
1521
1535
1562
1570
1571
1573
1583
1588
1603
1616
1617
1648
1660
1679
1688
1695
1705
1713
1715
1728
1741
1764
1768
1790
1792
1819
1829
1859
1863
1868
1893
1896
1939
1954
1974
2011
2015
2017
2030
2032
2037
2041
2058
2064
2065
2072
2078
2086
2092
2110
2119
2136
2142
2160
2161
162
83
166
72
53
62
116
55
118
17
121
59
4
7
60
111
117
10
64
132
94
112
158
137
136
65
51
67
100
156
102
77
78
40
125
56
101
38
165
90
96
0
115
58
128
127
122
148
80
39
54
140
124
92
131
86
155
42
61
24
32
18
139
154
46
89
82
144
63
3
36
149
160
29
70
52
45
106
15
150
162
47
85
87
114
35
133
22
19
134
57
50
98
79
34
129
99
143
138
11
119
159
23
108
73
113
68
14
44
43
76
49
107
145
152
16
88
164
123
66
95
142
167
28
81
31
6
26
74
75
126
20
93
161
5
9
146
27
120
48
157
163
41
1
147
8
105
84
30
97
33
13
91
110
71
69
2
21
12
104
153
151
135
