1014
43
56
59
66
73
78
88
89
97
102
104
108
123
138
169
179
181
182
186
188
203
205
209
210
216
220
226
233
237
245
256
259
268
288
296
300
301
306
309
316
318
327
330
348
352
356
364
374
387
405
407
409
411
412
416
422
444
456
464
466
475
480
488
495
499
501
515
519
526
542
543
558
563
567
572
575
588
603
604
609
631
647
651
652
657
660
670
672
675
684
697
705
707
709
711
721
724
729
730
733
737
740
765
783
818
826
829
841
844
861
865
870
888
890
894
895
896
901
926
933
942
952
965
974
978
979
981
983
984
992
1000
1015
1018
1026
1031
1034
1040
1044
1048
1055
1058
1059
1063
1091
1092
1112
1118
1153
1160
1183
1186
1191
1194
1207
1209
1220
1231
1237
1241
1244
1250
1256
1257
1288
1291
1330
1344
1354
1364
1365
1366
1371
1382
1390
1395
1400
1404
1407
1424
1425
1445
1450
1452
1453
1463
1480
1490
1496
1503
1527
1543
1552
1557
1564
1567
1569
1570
1573
1579
1585
1589
1606
1610
1614
1616
1622
1641
1643
1653
1660
1669
1674
1682
1684
1685
1694
1699
1707
1710
1711
1735
1743
1769
1779
1782
1790
1795
1799
1803
1811
1817
1822
1828
1851
1852
1863
1877
1885
1913
1914
1917
1926
1938
1939
1949
1957
1961
1975
1995
2003
2005
2015
2025
2052
2071
2072
2080
2084
2093
2097
2133
2136
2137
2146
2157
2158
2168
2184
2185
2198
2210
2213
2228
2248
2250
2255
2261
2276
2283
2290
2306
2327
2349
2363
2388
2393
2413
2415
2417
2425
2431
2438
2449
2462
2464
2490
2495
2503
2505
2510
2518
2533
2559
2570
2573
2577
2585
2592
2594
2618
2628
2649
2651
2654
2691
2697
2698
2712
2713
2717
2733
2737
2747
2781
2785
2805
2816
2827
2841
2842
2847
2848
2857
2863
2873
2876
2878
2879
2887
2889
2895
2899
2900
2916
2938
2939
2940
2944
2946
2952
2956
2957
2967
2971
2999
3020
3022
3032
3062
3069
3071
3100
3112
3113
3121
3131
3132
3144
3155
3170
3178
3186
3187
3191
3209
3216
3222
3227
3228
3238
3240
3242
3246
3261
3264
3268
3303
3305
3319
3323
3337
3338
3341
3344
3345
3351
3359
3363
3365
3370
3383
3400
3405
3407
3411
3416
3419
3457
3463
3465
3466
3487
3502
3503
3504
3533
3544
3545
3546
3554
3557
3563
3577
3594
3603
3618
3636
3645
3664
3673
3676
3685
3696
3707
3739
3741
3742
3743
3744
3745
3764
3767
3768
3772
3784
3785
3792
3805
3817
3822
3833
3842
3853
3862
3879
3884
3894
3902
3903
3915
3925
3935
3936
3952
3957
3969
3977
3985
4002
4008
4017
4026
4037
4038
4045
4103
4114
4124
4132
4138
4140
4147
4148
4153
4197
4199
4214
4238
4239
4248
4261
4264
4267
4272
4299
4303
4304
4313
4336
4338
4353
4354
4356
4364
4376
4379
4384
4395
4425
4429
4444
4467
4470
4479
4499
4528
4536
4538
4553
4569
4571
4577
4580
4592
4595
4598
4632
4634
4637
4641
4643
4658
4678
4679
4686
4693
4704
4706
4709
4714
4716
4722
4730
4734
4745
4748
4753
4761
4777
4789
4791
4796
4799
4814
4833
4837
4838
4841
4846
4848
4857
4858
4902
4913
4917
4922
4930
4932
4934
4954
4976
4987
4988
4993
5011
5015
5035
5040
5043
5048
5068
5074
5084
5088
5090
5101
5103
5104
5106
5107
5108
5111
5114
5115
5131
5135
5136
5148
5157
5159
5169
5174
5175
5179
5182
5186
5200
5202
5204
5205
5208
5220
5226
5229
5241
5256
5261
5263
5283
5284
5285
5314
5323
5329
5369
5370
5372
5378
5379
5391
5393
5410
5419
5430
5439
5443
5444
5463
5473
5481
5493
5512
5513
5517
5526
5530
5532
5539
5547
5582
5598
5599
5617
5633
5640
5646
5652
5654
5656
5671
5675
5685
5693
5717
5722
5742
5744
5749
5759
5765
5766
5768
5775
5776
5778
5788
5806
5819
5822
5823
5829
5832
5833
5834
5844
5847
5854
5869
5871
5881
5891
5893
5896
5928
5933
5939
5946
5952
5975
5989
5991
5994
5997
6004
6005
6011
6012
6020
6023
6024
6026
6033
6042
6045
6061
6068
6069
6081
6087
6094
6104
6105
6136
6146
6152
6158
6172
6176
6180
6195
6196
6200
6206
6212
6224
6227
6228
6231
6234
6239
6242
6243
6260
6262
6265
6273
6276
6277
6281
6288
6299
6306
6322
6329
6333
6339
6340
6359
6368
6370
6372
6387
6397
6401
6411
6420
6424
6438
6444
6449
6455
6473
6478
6481
6487
6492
6496
6497
6500
6511
6518
6519
6527
6540
6547
6556
6565
6584
6591
6614
6624
6635
6640
6648
6660
6664
6674
6700
6701
6703
6705
6711
6724
6725
6729
6732
6733
6745
6747
6752
6761
6762
6765
6767
6769
6773
6792
6794
6801
6805
6828
6830
6840
6848
6858
6868
6876
6882
6893
6927
6933
6943
6944
6964
6969
6989
6991
6992
6994
7000
7002
7003
7010
7018
7021
7025
7030
7033
7036
7049
7050
7053
7059
7077
7079
7084
7090
7120
7126
7130
7132
7136
7138
7144
7163
7167
7174
7176
7179
7183
7218
7223
7237
7239
7253
7260
7261
7266
7269
7270
7284
7287
7289
7291
7305
7308
7314
7322
7328
7331
7334
7351
7358
7359
7363
7371
7373
7380
7390
7409
7412
7423
7435
7440
7443
7444
7450
7456
7464
7465
7466
7469
7474
7475
7485
7495
7496
7500
7511
7514
7520
7526
7564
7566
7610
7628
7629
7646
7655
7701
7707
7738
7750
7758
7785
7789
7793
7794
7798
7800
7819
7824
7834
7836
7837
7838
7853
7855
7870
7876
7877
7885
7892
7897
7901
7908
7909
7916
7922
7927
7928
7931
7937
7946
7947
7976
7989
7993
8001
8006
8008
8009
8019
8020
8022
8023
8034
8036
8047
8048
8054
8070
8073
8075
8078
8082
8095
8104
8105
8108
8124
8136
8163
8170
8218
8221
8231
8234
8235
8237
8248
8252
8260
8262
8272
8285
8287
8288
8289
8290
8294
8297
8302
8313
173
124
58
148
121
110
171
99
97
138
70
119
172
39
107
156
147
72
88
79
27
11
154
24
90
31
1
61
6
14
8
109
48
30
141
59
101
68
57
122
174
2
137
23
100
152
167
20
54
134
3
89
164
92
64
33
83
146
13
7
41
32
37
50
144
19
46
71
117
67
85
166
115
81
133
29
86
69
62
163
84
47
177
130
118
40
145
175
42
114
52
102
108
16
44
91
143
149
173
26
153
87
96
135
12
43
9
116
53
139
77
34
94
60
65
21
151
176
127
35
140
0
126
15
106
80
131
5
74
123
45
129
4
150
159
113
49
162
160
112
36
161
55
157
136
93
168
132
82
73
51
38
18
66
76
165
56
155
78
170
17
75
103
104
128
10
63
179
142
158
28
120
22
169
