105
73
79
86
90
94
97
103
109
118
138
152
159
162
163
164
169
173
191
192
193
222
226
274
276
285
296
300
315
324
343
350
362
366
367
369
385
399
416
422
455
470
475
483
489
507
514
524
528
529
542
556
557
558
562
568
575
595
626
628
636
639
645
653
666
682
693
696
711
723
740
743
746
751
754
758
775
805
810
813
814
831
845
853
856
857
868
874
876
877
886
893
900
901
906
915
919
929
934
937
964
975
990
1003
1004
1007
346
90
84
241
33
118
79
120
235
112
329
246
63
264
231
85
87
201
166
8
305
306
9
300
103
309
207
234
50
177
24
369
169
105
165
249
188
204
94
86
230
53
55
91
74
51
47
228
236
119
168
141
12
349
156
199
70
187
3
11
0
217
99
48
254
145
357
303
347
176
114
172
256
248
223
123
363
164
205
1
80
158
281
348
332
62
13
308
322
293
116
367
368
25
335
279
178
286
36
17
319
39
31
340
327
353
295
64
194
117
192
155
366
22
41
265
109
75
280
354
23
345
212
320
359
163
216
282
311
203
68
121
186
233
225
26
15
193
263
240
227
20
258
148
210
65
195
173
171
189
196
244
361
160
72
4
362
60
206
278
54
330
59
107
19
147
10
261
299
76
29
5
191
358
143
262
239
208
89
58
331
266
275
170
81
267
27
130
115
142
242
190
135
259
334
128
66
370
67
247
229
284
352
21
302
183
209
287
312
294
373
139
88
136
150
364
181
113
291
251
307
98
226
257
104
350
365
83
125
301
97
100
213
34
374
40
167
182
339
344
292
134
16
137
184
132
321
37
314
138
371
317
304
328
78
108
2
162
219
7
149
297
18
45
140
218
253
179
57
202
220
198
298
151
69
372
252
283
185
274
355
43
110
144
296
356
153
129
200
277
269
159
325
106
38
71
270
324
211
77
122
288
313
133
157
255
342
346
250
73
127
30
215
28
243
315
175
61
310
124
268
42
35
161
92
95
323
237
238
333
318
101
44
32
152
126
289
56
338
273
52
146
222
285
197
351
111
