1005
20
21
63
77
78
79
82
91
95
108
135
142
160
168
186
193
238
250
290
295
298
354
384
400
402
425
442
446
447
505
519
542
559
569
580
617
660
666
667
675
691
693
703
716
721
748
762
780
785
801
812
860
866
868
870
891
894
895
928
934
938
961
974
1015
1018
1037
1038
1042
1046
1051
1073
1121
1122
1163
1196
1213
1219
1223
1243
1255
1259
1265
1349
1380
1389
1417
1431
1445
1446
1459
1473
1488
1489
1533
1543
1551
1565
1581
1599
1608
1611
1618
1641
1642
1651
1691
1723
1740
1741
1855
1873
1884
1930
1933
1946
1963
1964
1968
1981
1983
2021
2040
2052
2078
2080
2087
2091
2103
2118
2128
2131
2170
2185
2187
2195
2219
2239
2241
2280
2282
2306
2334
2341
2359
2388
2418
2419
2430
2437
2442
2444
2461
2465
2468
2478
2507
2524
2536
2563
2577
2579
2582
2589
2612
2632
2657
2666
2670
2676
2694
2697
2716
2727
2755
2770
2780
2830
2843
2891
2921
2931
2932
2939
2961
2966
3004
3010
3016
3023
3032
3036
3052
3065
3067
3081
3090
3099
3119
3134
3161
3189
3191
3192
3212
3220
3245
3247
3250
3251
3286
3290
3301
3311
3327
3337
3347
3348
3350
3361
3377
3394
3396
3398
3402
3407
3444
3449
3492
3514
3518
3532
3552
3572
3607
3621
3627
3646
3650
3686
3703
3720
3730
3732
3733
3758
3768
3771
3772
3784
3811
3814
3828
3835
3854
3860
3864
3882
3884
3887
3895
3922
3931
3939
3940
3944
3949
3972
3977
4050
4060
4106
4147
4172
4198
4218
4243
4245
4252
4284
4298
4321
4331
4334
4341
4344
4351
4362
4417
4468
4474
4492
4504
4520
4538
4545
4574
4575
4599
4623
4638
4644
4664
4668
4704
4717
4724
4728
4729
4733
4742
4746
4750
4769
4781
4783
4822
4840
4857
4861
4905
4983
5002
5005
5006
5010
5030
5102
5131
5146
5165
5189
5202
5210
5218
5240
5243
5258
5266
5271
5283
5289
5295
5319
5330
5350
5381
5392
5398
5402
5404
5489
5507
5511
5513
5558
5566
5569
5572
5577
5596
5612
5634
5645
5650
5660
5669
5672
5675
5681
5693
5716
5759
5761
5784
5809
5824
5834
5866
5868
5875
5894
5901
5903
5933
5953
5958
5974
5985
5990
6003
6020
6021
6028
6031
6032
6046
6052
6078
6082
6084
6120
6152
6156
6164
6178
6185
6191
6202
6221
6253
6259
6260
6268
6287
6304
6322
6355
6379
6389
6390
6393
6399
6455
6475
6491
6496
6508
6521
6535
6560
6561
6564
6584
6601
6612
6627
6641
6643
6646
6668
6679
6687
6688
6697
6706
6718
6746
6749
6760
6761
6772
6782
6796
6806
6807
6809
6817
6823
6838
6846
6863
6874
6876
6903
6913
6953
6956
6964
6977
6986
6995
7009
7011
7022
7028
7037
7042
7074
7082
7103
7128
7133
7153
7163
7178
7195
7196
7211
7226
7241
7243
7250
7257
7297
7302
7320
7322
7334
7349
7352
7353
7376
7419
7430
7431
7467
7479
7496
7503
7513
7565
7568
7594
7608
7624
7660
7691
7701
7710
7758
7770
7783
7815
7817
7819
7825
7840
7845
7884
7887
7905
7931
7947
7958
7968
7975
7984
7999
8000
8013
8017
8024
8051
8082
8083
8094
8105
8113
8119
8123
8132
8144
8148
8158
8159
8194
8196
8199
8235
8266
8302
8307
8344
8383
8413
8425
8433
8458
8492
8493
8496
8510
8522
8542
8552
8561
8579
8589
8590
8617
8626
8633
8639
8665
8686
8690
8704
8721
8729
8751
8783
8794
8811
8822
8832
8851
8860
8869
8875
8891
8892
8911
8935
8946
8954
8968
8975
8988
8993
8999
9006
9018
9032
9033
9042
9048
9050
9073
9081
9084
9086
9093
9106
9108
9110
9125
9188
9200
9202
9261
9263
9279
9301
9359
9388
9393
9403
9409
9418
9433
9434
9435
9436
9472
9492
9494
9519
9535
9554
9558
9566
9567
9574
9609
9612
9621
9634
9646
9650
9666
9678
9692
9699
9730
9744
9762
9776
9813
9834
9838
9840
9841
9853
9882
9895
9906
9924
9931
9936
9944
9973
9979
9991
10005
10024
10034
10035
10049
10052
10059
10062
10100
10109
10117
10120
10121
10127
10128
10154
10164
10166
10175
10219
10232
10251
10267
10306
10329
10389
10403
10430
10457
10472
10484
10504
10506
10532
10544
10556
10628
10662
10675
10692
10694
10700
10712
10714
10716
10773
10802
10803
10820
10867
10872
10896
10915
10918
10922
10923
10927
10933
10947
10965
10983
10985
11014
11048
11066
11069
11101
11105
11121
11122
11123
11129
11136
11147
11163
11193
11201
11208
11219
11220
11225
11241
11255
11262
11269
11275
11300
11322
11324
11339
11386
11389
11394
11433
11457
11469
11486
11524
11583
11595
11604
11607
11610
11617
11623
11674
11677
11693
11706
11718
11748
11770
11782
11798
11822
11826
11859
11889
11896
11899
11909
11913
11926
11951
11954
11963
11966
11979
11994
12013
12021
12024
12071
12088
12092
12095
12131
12139
12171
12198
12215
12232
12268
12282
12288
12292
12305
12308
12313
12334
12336
12343
12365
12398
12402
12414
12426
12433
12435
12442
12443
12458
12459
12465
12502
12504
12513
12534
12553
12569
12575
12584
12588
12590
12596
12607
12618
12619
12624
12627
12640
12654
12660
12709
12711
12740
12765
12795
12822
12835
12865
12869
12915
12917
12933
12940
12949
12958
12960
12964
12974
12980
12983
12988
13015
13029
13030
13056
13078
13097
13099
13109
13136
13171
13178
13205
13228
13292
13305
13308
13322
13331
13337
13339
13344
13364
13401
13419
13421
13432
13436
13438
13454
13501
13575
13592
13640
13646
13666
13686
13693
13736
13738
13744
13764
13811
13818
13819
13832
13847
13879
13899
13915
13935
13937
13952
13958
13959
13961
13964
13995
14033
14038
14049
14065
14066
14104
14136
14142
14152
14159
14178
14186
14205
14228
14238
14245
14250
14256
14258
14304
14314
14332
14340
14352
14369
14370
14389
14390
14395
14397
14429
14430
14432
14476
14482
14495
14509
14540
14543
14555
14585
14598
14632
14638
14642
14644
14649
14654
14680
14685
14687
14688
14755
14797
14808
14844
14863
14876
14886
14887
14907
468
127
321
7
11
396
255
41
229
460
24
99
330
130
352
478
467
120
308
261
380
428
114
331
47
206
181
296
32
322
104
361
60
52
61
88
234
34
262
128
165
425
355
377
20
431
436
230
210
273
393
8
309
356
294
228
212
202
220
199
176
382
312
116
82
109
136
242
435
214
440
211
35
66
219
287
301
65
281
303
477
25
171
348
314
454
457
188
40
117
55
68
185
311
218
463
437
274
235
225
166
100
333
58
459
347
132
373
275
450
342
389
458
392
86
186
328
209
256
455
266
101
445
350
297
416
30
36
337
48
15
468
399
12
362
196
284
39
78
344
75
295
335
29
194
197
236
126
379
432
215
49
332
279
31
28
268
92
143
33
421
44
43
151
422
134
180
456
182
133
378
9
439
169
402
408
387
280
200
237
129
46
480
299
152
18
466
269
74
401
121
345
174
189
376
398
305
56
375
320
238
371
304
368
246
412
139
364
245
140
397
42
394
161
3
190
272
137
173
138
358
288
253
252
198
302
277
300
254
63
278
285
446
442
106
461
67
391
395
112
164
282
13
267
390
357
327
444
367
310
90
150
470
227
144
370
208
170
411
37
163
424
462
80
451
45
423
216
429
79
241
193
448
17
447
97
70
111
131
184
148
155
19
221
162
73
409
315
419
474
464
417
286
415
5
349
81
260
465
365
142
251
469
326
76
336
203
2
224
177
38
154
93
259
159
307
85
319
105
204
223
430
372
110
271
89
283
290
27
103
0
291
168
316
179
293
69
317
6
96
187
233
427
157
195
441
84
407
298
452
141
476
192
385
21
98
426
354
123
178
353
59
91
258
62
147
72
292
222
343
383
205
359
334
340
405
26
420
243
107
449
64
53
386
231
360
418
119
10
115
226
217
403
453
207
191
341
289
4
124
135
410
369
263
183
102
95
265
479
323
325
471
22
318
16
247
351
108
257
83
172
338
87
264
156
71
118
438
339
475
381
433
240
248
404
160
94
472
167
51
146
1
50
443
434
388
270
201
113
363
153
239
276
250
481
244
400
175
473
54
158
413
406
313
57
149
213
366
324
