90
107
117
118
121
128
143
174
208
216
221
223
226
252
265
268
288
293
305
318
323
324
332
346
350
351
362
367
398
406
408
410
433
447
450
466
467
475
493
510
523
539
541
549
559
560
566
567
570
589
596
597
614
617
633
637
645
649
660
664
668
671
691
692
703
707
708
728
752
771
774
776
797
806
824
863
864
879
885
913
924
943
952
960
961
962
974
991
1001
1018
1023
351
148
2
161
344
242
51
169
323
230
118
318
81
14
194
143
258
142
348
205
104
7
87
324
189
107
12
128
237
75
207
266
280
327
52
163
159
322
116
144
34
367
147
302
4
64
200
339
168
220
269
84
134
252
176
153
28
358
171
68
221
263
86
249
210
256
139
350
307
50
96
268
22
259
181
274
83
329
311
31
270
223
234
97
91
346
267
119
122
103
47
160
183
35
24
111
364
300
82
294
135
76
58
369
125
63
120
191
18
29
92
238
145
155
317
368
281
170
65
36
319
178
162
308
201
257
229
112
33
243
297
370
226
208
235
123
124
38
206
343
253
241
271
39
279
70
46
164
215
233
283
305
115
17
286
138
345
219
32
90
40
236
173
332
247
374
48
110
79
331
57
49
54
77
127
89
121
109
313
255
187
101
212
239
261
202
338
6
293
260
73
66
177
316
204
37
93
9
60
59
19
301
351
30
10
108
254
67
44
132
166
276
335
289
209
61
179
285
174
27
80
245
372
190
74
197
224
106
203
95
312
264
357
246
296
72
114
356
314
213
199
11
359
137
304
366
373
186
250
26
278
150
182
240
21
299
326
216
185
355
167
69
251
320
227
152
129
273
192
136
321
117
62
371
158
334
23
352
100
133
325
15
131
217
290
225
315
5
330
303
337
55
71
218
353
214
361
365
298
232
196
248
102
25
309
362
282
156
149
277
295
98
222
188
354
195
340
172
341
94
140
85
146
41
347
151
275
184
198
157
113
262
0
287
53
175
360
20
328
99
310
165
13
292
154
244
284
42
333
291
141
8
