95
98
105
132
137
147
149
155
165
182
266
302
303
314
316
324
338
351
381
388
409
437
450
459
484
499
531
540
563
573
585
589
599
607
608
636
640
645
697
706
728
759
768
818
823
882
884
908
915
924
933
937
954
972
976
992
1045
1062
1074
1075
1096
1119
1132
1161
1252
1262
1266
1268
1276
1278
1303
1379
1381
1382
1391
1435
1447
1487
1537
1564
1601
1619
1627
1652
1674
1679
1685
1689
1697
1726
1733
1747
1767
1791
1824
1847
151
77
82
140
90
100
12
8
25
116
30
162
137
143
50
14
114
108
20
136
149
130
59
155
21
107
51
141
72
159
9
131
39
75
102
133
15
89
161
97
113
135
147
146
156
48
99
144
68
85
34
53
98
164
73
27
54
44
124
126
94
33
61
153
125
115
120
56
142
76
55
43
157
79
41
26
91
63
47
7
13
31
87
57
69
1
62
145
42
154
5
23
109
81
86
101
29
10
49
119
148
123
95
151
103
118
18
105
70
92
96
83
106
11
3
78
32
129
65
121
110
28
138
93
160
38
104
74
66
150
4
35
22
112
19
71
6
152
58
122
111
88
60
37
117
45
52
17
67
134
80
16
