1817
2
4
13
24
28
29
32
38
60
61
65
70
82
85
86
87
102
103
104
106
108
120
123
133
141
147
191
199
209
214
218
220
221
228
235
239
241
242
247
248
266
270
286
294
302
318
329
333
345
348
356
361
368
373
376
388
395
397
399
403
408
411
416
417
422
425
426
429
430
434
446
450
452
455
457
459
462
474
476
482
489
492
494
498
502
506
515
523
526
530
533
554
561
562
569
575
579
590
597
598
605
607
610
621
634
638
639
647
657
665
669
678
681
683
686
694
700
704
709
712
714
720
721
733
738
742
746
780
786
803
821
827
829
848
856
858
859
866
867
874
875
876
883
888
889
890
909
912
917
921
928
930
935
952
958
959
978
980
986
996
1004
1009
1028
1035
1037
1039
1042
1044
1055
1058
1065
1068
1076
1101
1103
1109
1129
1134
1139
1146
1147
1156
1158
1159
1162
1168
1175
1182
1183
1184
1209
1214
1221
1237
1242
1251
1253
1263
1266
1268
1273
1276
1293
1296
1297
1305
1308
1310
1350
1354
1357
1380
1384
1386
1389
1393
1394
1401
1406
1414
1416
1431
1433
1442
1449
1455
1461
1475
1478
1485
1500
1517
1520
1538
1542
1553
1568
1585
1596
1609
1615
1616
1624
1633
1637
1640
1642
1643
1653
1654
1659
1660
1662
1671
1681
1687
1688
1689
1695
1703
1705
1712
1716
1723
1749
1752
1753
1766
1777
1780
1781
1782
1800
1811
1821
1831
1833
1841
1857
1862
1871
1886
1908
1914
1923
1928
1932
1935
1949
1952
1956
1958
1977
1984
1988
2002
2003
2005
2013
2015
2038
2039
2046
2047
2057
2064
2065
2070
2074
2077
2079
2098
2103
2111
2128
2145
2165
2168
2175
2191
2200
2220
2238
2240
2247
2251
2256
2261
2268
2271
2281
2283
2291
2297
2301
2312
2314
2331
2339
2342
2344
2347
2366
2367
2369
2371
2373
2374
2375
2382
2384
2391
2399
2402
2413
2417
2420
2421
2422
2428
2429
2436
2451
2459
2461
2463
2469
2470
2472
2479
2490
2503
2521
2522
2525
2534
2545
2546
2550
2552
2556
2557
2560
2566
2571
2592
2600
2613
2619
2623
2625
2635
2636
2650
2658
2673
2690
2691
2694
2700
2703
2713
2717
2742
2745
2746
2751
2764
2770
2771
2781
2782
2797
2802
2808
2810
2815
2816
2825
2831
2835
2836
2837
2838
2842
2846
2856
2861
2867
2869
2870
2874
2888
2894
2897
2899
2912
2915
2918
2923
2940
2943
2948
2951
2953
2955
2958
2967
2973
2976
2978
2985
2996
3012
3013
3022
3028
3051
3056
3060
3061
3062
3066
3069
3074
3076
3083
3095
3108
3115
3116
3129
3133
3140
3144
3149
3156
3162
3163
3182
3186
3192
3195
3199
3203
3209
3212
3220
3221
3227
3234
3239
3250
3254
3259
3269
3284
3290
3297
3306
3317
3318
3320
3323
3325
3338
3342
3353
3359
3369
3372
3373
3383
3386
3393
3394
3401
3405
3406
3412
3439
3447
3450
3453
3455
3470
3474
3476
3479
3482
3487
3510
3513
3514
3524
3527
3535
3536
3539
3542
3546
3547
3556
3562
3563
3567
3572
3580
3593
3595
3598
3609
3610
3622
3626
3627
3633
3635
3651
3657
3662
3664
3672
3673
3679
3683
3684
3688
3690
3695
3697
3720
3721
3731
3732
3737
3745
3752
3755
3759
3783
3791
3797
3804
3805
3810
3813
3818
3823
3825
3826
3828
3833
3835
3839
3842
3853
3857
3862
3863
3869
3874
3888
3892
3899
3913
3934
3935
3957
3964
3968
3973
3977
3981
3982
3986
3990
3991
3994
3995
3997
4020
4022
4026
4031
4038
4040
4041
4042
4052
4055
4060
4075
4078
4083
4099
4101
4119
4122
4123
4126
4128
4157
4160
4178
4185
4194
4196
4199
4200
4203
4204
4212
4218
4226
4252
4254
4256
4260
4273
4297
4299
4302
4310
4312
4313
4315
4321
4323
4328
4335
4344
4349
4357
4358
4364
4366
4367
4371
4374
4377
4378
4386
4388
4396
4397
4406
4407
4413
4420
4439
4443
4445
4446
4450
4451
4452
4454
4464
4466
4480
4489
4493
4495
4496
4502
4512
4518
4521
4522
4527
4542
4564
4566
4586
4588
4589
4591
4594
4595
4603
4609
4624
4636
4638
4640
4642
4645
4649
4661
4662
4663
4677
4682
4693
4702
4706
4713
4717
4740
4742
4746
4747
4770
4773
4782
4791
4797
4801
4802
4813
4828
4830
4841
4844
4857
4866
4871
4876
4883
4900
4908
4913
4920
4924
4926
4941
4944
4954
4955
4973
4982
4990
4995
4999
5005
5007
5038
5039
5040
5047
5054
5058
5061
5062
5063
5066
5073
5075
5076
5084
5086
5087
5095
5096
5112
5119
5124
5140
5141
5143
5162
5167
5168
5172
5185
5190
5191
5202
5214
5215
5218
5219
5225
5234
5235
5236
5238
5239
5245
5253
5254
5262
5263
5265
5266
5271
5279
5289
5308
5314
5316
5317
5319
5325
5329
5332
5338
5342
5346
5347
5367
5370
5371
5385
5386
5389
5392
5407
5413
5414
5424
5433
5435
5450
5464
5466
5470
5486
5489
5490
5494
5498
5505
5518
5520
5521
5532
5539
5541
5546
5547
5555
5560
5566
5569
5580
5581
5593
5598
5602
5606
5609
5617
5620
5621
5628
5650
5656
5666
5678
5690
5691
5707
5709
5710
5712
5715
5718
5726
5755
5764
5768
5776
5794
5799
5800
5809
5814
5821
5827
5834
5841
5856
5860
5871
5875
5877
5889
5897
5904
5908
5911
5912
5924
5939
5948
5954
5965
5969
5970
5984
5987
5991
6007
6013
6016
6021
6025
6028
6046
6048
6057
6058
6061
6063
6067
6068
6070
6083
6084
6089
6095
6120
6125
6137
6149
6157
6168
6180
6181
6191
6208
6213
6215
6225
6227
6231
6237
6248
6250
6253
6255
6258
6261
6269
6275
6285
6296
6314
6315
6327
6331
6333
6351
6354
6369
6386
6391
6393
6396
6397
6398
6407
6408
6411
6435
6440
6442
6443
6444
6453
6458
6468
6473
6486
6501
6502
6503
6511
6515
6516
6517
6518
6521
6522
6527
6534
6535
6547
6548
6549
6554
6559
6571
6576
6590
6601
6611
6624
6625
6642
6653
6655
6657
6659
6674
6679
6683
6684
6689
6693
6696
6699
6703
6705
6710
6716
6717
6728
6729
6732
6742
6751
6753
6756
6757
6769
6781
6782
6785
6790
6795
6806
6815
6833
6849
6851
6852
6854
6859
6888
6907
6914
6924
6929
6936
6948
6956
6963
6969
6971
6972
6984
6986
6994
6995
7005
7037
7045
7050
7053
7056
7059
7061
7063
7066
7071
7073
7083
7091
7092
7097
7101
7102
7104
7105
7107
7122
7152
7162
7168
7169
7171
7180
7182
7183
7190
7192
7212
7217
7221
7225
7226
7233
7239
7240
7243
7245
7254
7266
7274
7288
7299
7302
7310
7320
7357
7366
7368
7371
7375
7385
7386
7388
7389
7393
7394
7411
7420
7424
7435
7438
7443
7445
7454
7463
7468
7470
7480
7484
7491
7507
7508
7509
7512
7516
7524
7529
7544
7548
7552
7559
7565
7568
7569
7572
7574
7575
7576
7587
7596
7605
7607
7608
7634
7640
7641
7654
7661
7673
7676
7684
7692
7695
7702
7724
7728
7731
7732
7735
7737
7740
7743
7755
7757
7761
7781
7785
7787
7789
7798
7814
7820
7825
7827
7828
7834
7838
7864
7876
7886
7887
7888
7891
7893
7916
7945
7946
7947
7948
7974
7980
8005
8047
8049
8059
8067
8076
8084
8086
8115
8128
8132
8147
8149
8165
8172
8174
8183
8192
8197
8203
8215
8216
8240
8269
8271
8275
8279
8280
8289
8290
8297
8306
8309
8316
8320
8322
8340
8349
8378
8380
8386
8387
8400
8404
8417
8421
8427
8431
8435
8436
8477
8478
8489
8504
8516
8521
8527
8537
8550
8551
8563
8571
8592
8593
8622
8624
8625
8626
8634
8643
8644
8654
8660
8662
8665
8667
8689
8690
8692
8714
8715
8718
8723
8724
8735
8738
8746
8747
8750
8778
8786
8788
8793
8802
8804
8823
8825
8835
8836
8841
8844
8868
8870
8871
8876
8900
8905
8909
8918
8919
8927
8930
8935
8942
8950
8960
8961
8964
8965
8966
8970
8972
8982
8985
8993
9001
9014
9016
9038
9050
9058
9060
9063
9077
9085
9106
9118
9121
9129
9134
9146
9157
9185
9186
9195
9196
9202
9203
9209
9223
9250
9255
9260
9276
9281
9290
9292
9296
9318
9324
9348
9349
9360
9394
9395
9397
9400
9416
9424
9426
9432
9440
9444
9448
9462
9463
9487
9489
9494
9496
9507
9510
9519
9525
9526
9530
9533
9536
9538
9546
9549
9551
9561
9563
9564
9569
9575
9580
9592
9597
9614
9624
9633
9637
9644
9668
9670
9677
9683
9684
9690
9697
9705
9706
9728
9738
9743
9748
9751
9760
9763
9768
9775
9781
9796
9798
9801
9810
9813
9815
9829
9832
9839
9843
9871
9878
9879
9880
9887
9893
9894
9899
9905
9912
9913
9928
9947
9958
9979
9982
9984
9995
9998
10002
10005
10032
10034
10047
10048
10053
10055
10056
10058
10062
10076
10083
10084
10089
10091
10094
10102
10110
10112
10133
10143
10152
10154
10159
10178
10187
10189
10192
10193
10195
10199
10202
10207
10215
10227
10234
10236
10243
10249
10251
10266
10270
10277
10282
10293
10313
10314
10315
10316
10319
10321
10330
10351
10352
10367
10379
10385
10396
10402
10403
10432
10443
10445
10450
10457
10460
10469
10473
10486
10497
10499
10504
10511
10513
10514
10515
10534
10542
10544
10548
10549
10552
10554
10556
10559
10571
10575
10577
10582
10584
10587
10591
10594
10600
10624
10633
10641
10644
10670
10677
10682
10684
10685
10686
10688
10694
10712
10723
10731
10735
10745
10760
10770
10777
10781
10798
10813
10815
10818
10827
10828
10836
10847
10861
10866
10874
10875
10885
10902
10905
10915
10919
10924
10934
10938
10949
10951
10953
10955
10985
10999
11004
11011
11038
11045
11047
11048
11049
11050
11052
11071
11076
11078
11090
11101
11110
11114
11119
11125
11126
11129
11136
11149
11151
11152
11155
11158
11165
11179
11183
11190
11196
11205
11210
11213
11214
11217
11221
11262
11270
11274
11279
11290
11302
11305
11308
11311
11312
11317
11326
11329
11332
11340
11341
11355
11357
11372
11374
11376
11389
11400
11401
11420
11422
11428
11433
11451
11467
11478
11483
11487
11490
11496
11502
11509
11511
11526
11534
11544
11546
11554
11563
11564
11569
11572
11579
11584
11585
11591
11598
11601
11604
11614
11621
11634
11655
11662
11668
11672
11674
11705
11708
11715
11719
11722
11728
11736
11737
11743
11757
11759
11770
11781
11795
11796
11806
11811
11822
11826
11831
11854
11856
11859
11863
11865
11871
11897
11925
11927
11937
11942
11946
11950
11957
11958
11962
11966
11970
11998
12001
12007
12014
12021
12033
12036
12038
12040
12045
12049
12053
12060
12066
12067
12076
12080
12084
12086
12088
12089
12090
12098
12113
12123
12124
12134
12139
12165
12179
12182
12194
12206
12209
12210
12212
12216
12222
12224
12235
12239
12260
12267
12273
12278
12279
12298
12299
12310
12312
12316
12318
398
344
267
351
340
252
72
9
271
396
125
24
339
335
173
17
276
101
296
155
334
120
99
320
373
94
135
265
292
157
107
64
241
394
372
100
233
280
111
209
203
326
221
3
387
88
257
93
322
91
84
202
321
43
293
299
1
390
283
124
174
224
118
164
49
19
192
73
160
361
365
129
338
106
303
163
81
263
328
21
12
177
346
110
48
27
260
359
217
139
216
187
50
255
288
350
52
69
352
51
188
392
182
249
384
6
153
357
258
46
67
302
68
378
232
151
116
152
108
210
277
222
149
368
162
154
200
45
205
212
311
259
161
234
131
248
115
308
355
336
385
366
197
228
62
279
140
227
329
194
186
208
206
16
235
236
376
327
166
96
379
141
83
285
191
231
196
315
272
5
11
305
58
330
130
90
168
238
343
180
345
150
380
284
113
395
314
382
169
30
195
204
158
147
214
313
171
310
295
41
26
201
63
105
229
270
244
317
287
65
20
10
92
363
323
386
138
70
123
290
59
261
134
29
332
362
226
274
178
136
397
128
269
341
291
342
367
142
230
66
33
375
102
298
112
307
79
122
31
309
137
215
104
85
175
86
47
8
44
176
266
312
183
383
103
77
37
301
57
28
56
159
0
4
391
189
354
181
95
264
25
190
148
242
349
117
324
76
218
42
121
211
219
23
15
237
7
370
145
337
74
193
318
275
353
377
167
316
98
300
381
78
289
185
240
297
393
198
247
53
55
144
358
36
170
165
360
119
213
143
253
71
199
388
14
156
348
179
146
262
75
294
13
80
34
207
306
389
304
369
278
114
251
39
61
347
254
281
256
89
273
172
2
243
333
374
356
286
132
82
364
245
268
239
18
87
32
282
371
60
109
225
325
40
246
319
184
127
22
250
331
220
223
54
97
38
35
126
133
