681
59
64
71
73
86
102
103
111
123
124
129
130
147
167
169
176
180
182
194
195
197
199
207
211
215
217
227
229
235
248
253
254
263
268
271
275
312
315
322
345
346
359
368
371
376
386
391
393
407
423
429
434
449
468
475
476
488
491
501
504
506
511
519
528
550
552
555
559
565
569
572
582
601
631
635
638
639
644
651
664
667
669
686
700
709
713
716
733
751
756
765
772
793
798
819
821
832
852
858
860
863
876
879
892
896
897
900
902
904
906
915
945
946
997
1039
1069
1075
1081
1084
1096
1103
1112
1115
1118
1125
1130
1137
1147
1162
1167
1170
1173
1179
1198
1210
1214
1222
1223
1225
1252
1253
1301
1314
1317
1320
1321
1325
1337
1338
1341
1348
1359
1368
1392
1402
1411
1413
1427
1455
1466
1468
1470
1482
1487
1497
1513
1514
1520
1527
1539
1543
1556
1557
1567
1581
1585
1589
1596
1599
1615
1626
1659
1662
1669
1694
1713
1718
1719
1739
1747
1748
1755
1761
1775
1787
1790
1796
1807
1811
1817
1828
1830
1836
1839
1840
1843
1858
1865
1876
1883
1906
1910
1917
1921
1954
1955
1959
1971
1972
1980
1983
1994
2002
2011
2016
2017
2032
2049
2058
2073
2087
2094
2095
2102
2104
2118
2132
2152
2155
2161
2165
2181
2182
2190
2211
2212
2236
2259
2266
2272
2274
2283
2292
2319
2330
2342
2391
2398
2432
2440
2446
2463
2471
2473
2477
2484
2488
2490
2507
2511
2524
2531
2536
2537
2557
2569
2596
2610
2612
2615
2624
2629
2631
2634
2645
2646
2647
2648
2652
2653
2659
2666
2681
2682
2691
2697
2708
2736
2756
2763
2779
2780
2782
2804
2843
2872
2879
2895
2898
2899
2902
2904
2907
2929
2949
2974
2982
2985
3005
3011
3041
3049
3051
3064
3077
3078
3098
3102
3112
3120
3123
3131
3158
3166
3168
3179
3184
3196
3209
3213
3228
3236
3244
3264
3285
3290
3301
3305
3339
3343
3353
3384
3385
3388
3394
3401
3409
3440
3446
3469
3475
3489
3490
3507
3508
3518
3531
3541
3543
3553
3560
3561
3575
3583
3584
3585
3586
3590
3603
3616
3619
3625
3639
3645
3648
3652
3653
3655
3658
3689
3691
3692
3696
3705
3709
3727
3747
3758
3761
3771
3779
3780
3804
3806
3843
3848
3850
3854
3862
3864
3874
3881
3892
3898
3904
3911
3914
3937
3944
3956
3959
3972
3984
3994
4004
4060
4069
4094
4096
4107
4111
4121
4137
4142
4143
4156
4165
4170
4195
4198
4200
4206
4217
4236
4246
4252
4254
4263
4274
4281
4285
4290
4310
4318
4323
4344
4369
4378
4388
4395
4410
4415
4421
4425
4449
4463
4491
4504
4520
4527
4529
4535
4546
4587
4605
4621
4633
4638
4675
4677
4699
4702
4703
4704
4722
4723
4731
4738
4739
4748
4760
4762
4764
4770
4785
4795
4796
4800
4847
4852
4856
4860
4863
4872
4875
4882
4893
4895
4897
4899
4911
4912
4954
4964
4965
4978
4992
4998
5002
5003
5013
5021
5035
5038
5046
5049
5051
5058
5085
5102
5108
5109
5119
5123
5140
5151
5159
5175
5183
5211
5229
5239
5244
5247
5254
5267
5271
5279
5300
5301
5303
5307
5315
5322
5340
5351
5388
5392
5406
5410
5435
5437
5451
5453
5460
5477
5495
5497
5515
5520
5524
5548
5557
5560
5566
5572
5600
5611
5614
5615
5631
5651
5666
5675
5690
5692
5698
5702
5722
5726
5729
5732
5738
5750
5771
5782
5789
5791
5794
5803
5808
5819
5838
5848
5874
5880
5887
5889
5895
5898
5900
5903
5916
5929
5930
5932
5939
5949
5951
5976
5979
5982
5992
6007
6016
6037
6043
6045
6046
6053
6057
6074
6082
6083
6086
6087
6105
6120
6122
6124
6128
6134
6136
6144
6165
6170
6180
6182
6197
6201
6203
6207
6212
6216
6218
6232
6245
6253
6264
6280
6286
6287
6290
6295
6307
6313
6324
6334
6338
6352
6353
6361
6375
6387
6400
6405
6428
6430
6435
6439
6467
172
51
164
10
21
117
118
127
172
96
177
167
1
154
151
62
3
58
147
90
115
24
136
173
77
0
59
144
106
68
116
52
5
150
129
178
169
112
73
128
31
30
23
13
2
57
34
133
46
25
139
92
174
105
171
140
87
9
160
145
17
166
11
20
99
60
101
82
38
48
165
37
75
83
86
42
32
143
108
28
95
159
142
55
149
162
176
107
134
93
163
97
161
40
56
104
135
157
148
85
153
63
100
98
170
65
125
44
79
109
53
156
114
22
152
124
14
123
45
137
49
7
4
119
18
26
76
15
155
80
130
122
47
141
35
36
72
61
74
131
70
168
91
102
103
6
64
88
126
81
19
39
120
33
71
158
43
84
132
8
27
54
69
111
16
41
94
78
121
175
113
89
29
