1287
50
53
55
58
62
68
74
75
85
98
103
107
118
121
129
132
155
157
164
165
170
171
172
174
182
187
193
207
211
231
248
252
255
267
272
291
296
306
309
311
316
351
352
356
365
371
376
380
382
385
390
393
394
425
427
430
432
435
436
446
459
472
495
507
516
521
523
527
529
537
542
545
549
559
561
562
570
588
597
602
612
615
617
623
629
638
639
645
654
656
658
663
665
673
676
677
679
685
697
698
701
710
723
751
761
764
776
778
782
792
797
822
826
834
841
847
853
880
883
895
896
908
913
920
928
939
947
953
971
979
984
993
996
1006
1023
1040
1045
1046
1047
1049
1051
1056
1058
1059
1064
1071
1079
1081
1082
1089
1090
1105
1110
1111
1117
1118
1121
1130
1140
1160
1172
1181
1182
1188
1192
1197
1206
1208
1223
1225
1226
1228
1233
1237
1242
1245
1247
1250
1252
1253
1256
1273
1276
1278
1285
1288
1293
1338
1339
1348
1362
1367
1374
1376
1384
1392
1397
1407
1409
1410
1412
1419
1420
1427
1454
1455
1463
1468
1469
1472
1473
1474
1483
1497
1502
1515
1520
1528
1535
1548
1549
1554
1562
1566
1571
1572
1575
1578
1582
1585
1586
1595
1603
1605
1606
1607
1609
1623
1625
1633
1635
1636
1651
1663
1665
1666
1673
1675
1682
1703
1717
1721
1723
1729
1731
1733
1741
1757
1770
1771
1776
1787
1791
1797
1805
1809
1820
1825
1845
1858
1859
1860
1873
1878
1879
1881
1886
1892
1897
1899
1906
1917
1918
1925
1936
1942
1948
1952
1956
1964
1965
1975
1979
1981
1982
1988
1989
1995
1996
2002
2014
2024
2028
2036
2037
2039
2049
2061
2062
2070
2072
2074
2083
2084
2106
2109
2115
2135
2143
2146
2148
2150
2156
2168
2175
2180
2183
2185
2192
2193
2194
2197
2200
2205
2207
2212
2214
2220
2237
2239
2252
2258
2261
2262
2274
2277
2286
2287
2289
2294
2302
2307
2309
2330
2335
2338
2342
2345
2362
2367
2372
2378
2381
2421
2427
2429
2431
2433
2436
2441
2450
2456
2461
2464
2465
2466
2468
2471
2474
2475
2490
2530
2534
2535
2540
2561
2562
2568
2577
2579
2582
2585
2586
2589
2596
2598
2605
2621
2623
2625
2626
2630
2636
2640
2653
2658
2671
2674
2675
2678
2686
2687
2691
2694
2695
2697
2699
2705
2707
2725
2728
2734
2738
2748
2751
2753
2758
2762
2763
2768
2773
2777
2789
2798
2828
2829
2832
2833
2843
2848
2854
2855
2862
2878
2879
2896
2911
2917
2920
2931
2953
2957
2960
2974
2979
2986
2987
2998
3000
3003
3005
3013
3034
3042
3046
3057
3059
3062
3067
3074
3077
3081
3085
3096
3105
3117
3118
3129
3131
3132
3135
3142
3152
3155
3166
3174
3180
3184
3188
3193
3194
3196
3201
3206
3207
3220
3234
3243
3265
3267
3269
3270
3276
3278
3279
3286
3290
3291
3296
3321
3329
3336
3339
3340
3342
3360
3365
3368
3369
3378
3384
3389
3395
3399
3415
3419
3421
3425
3428
3435
3441
3443
3449
3452
3454
3460
3464
3468
3478
3486
3520
3528
3553
3576
3583
3587
3596
3607
3608
3621
3635
3637
3643
3648
3654
3666
3676
3693
3697
3709
3727
3728
3731
3732
3736
3737
3740
3743
3753
3778
3784
3785
3790
3797
3813
3815
3817
3819
3823
3837
3851
3853
3854
3855
3871
3879
3885
3897
3904
3908
3916
3934
3942
3951
3973
3982
4023
4025
4027
4033
4038
4039
4042
4053
4068
4084
4085
4086
4099
4106
4117
4127
4129
4134
4136
4137
4144
4146
4150
4163
4171
4175
4176
4177
4178
4181
4186
4192
4194
4207
4215
4220
4227
4231
4239
4242
4244
4246
4255
4261
4263
4264
4266
4268
4272
4282
4294
4301
4309
4312
4321
4324
4326
4332
4335
4344
4349
4352
4360
4361
4363
4364
4365
4370
4377
4380
4392
4395
4398
4411
4416
4417
4427
4433
4441
4448
4471
4474
4475
4477
4478
4481
4485
4491
4492
4500
4501
4512
4514
4520
4524
4532
4547
4551
4554
4561
4565
4566
4568
4572
4579
4582
4585
4586
4589
4597
4613
4615
4622
4627
4638
4642
4646
4650
4668
4674
4690
4694
4696
4697
4698
4704
4705
4710
4714
4723
4725
4727
4728
4731
4747
4751
4756
4766
4775
4776
4780
4786
4787
4793
4804
4807
4808
4820
4823
4829
4830
4834
4837
4838
4844
4851
4852
4853
4856
4857
4866
4867
4870
4885
4894
4898
4900
4902
4906
4915
4925
4929
4935
4944
4951
4957
4963
4968
4970
4972
4974
4984
4986
4990
4992
4993
5001
5013
5014
5021
5023
5027
5030
5036
5037
5038
5039
5050
5058
5089
5094
5098
5099
5100
5103
5128
5129
5138
5140
5144
5146
5149
5165
5166
5167
5170
5176
5181
5192
5193
5201
5203
5206
5207
5218
5226
5228
5234
5243
5250
5257
5260
5267
5272
5277
5308
5322
5331
5335
5340
5344
5346
5348
5350
5352
5369
5376
5379
5384
5412
5413
5449
5459
5466
5470
5473
5475
5484
5489
5499
5507
5517
5520
5523
5527
5532
5533
5543
5547
5558
5574
5575
5588
5594
5606
5613
5616
5636
5639
5641
5642
5646
5670
5678
5686
5687
5693
5701
5714
5732
5747
5756
5758
5777
5779
5787
5797
5810
5816
5817
5819
5821
5823
5827
5829
5843
5844
5847
5858
5862
5865
5867
5870
5905
5911
5920
5922
5928
5933
5970
5971
5972
5978
5988
5993
5994
5998
6001
6002
6009
6012
6014
6016
6022
6027
6029
6043
6045
6049
6051
6056
6058
6061
6064
6065
6066
6067
6069
6076
6077
6081
6086
6087
6092
6097
6100
6105
6108
6110
6112
6123
6132
6143
6146
6153
6154
6180
6181
6185
6188
6207
6209
6210
6211
6213
6216
6224
6230
6252
6257
6263
6266
6271
6273
6275
6284
6285
6291
6292
6307
6312
6314
6320
6322
6339
6341
6347
6350
6361
6362
6366
6372
6373
6374
6379
6384
6385
6394
6399
6433
6442
6450
6463
6467
6478
6479
6483
6491
6499
6509
6516
6524
6532
6545
6549
6554
6556
6559
6566
6576
6585
6591
6608
6612
6623
6634
6645
6650
6657
6664
6676
6686
6687
6689
6717
6725
6727
6735
6737
6739
6749
6770
6771
6787
6788
6805
6815
6820
6825
6839
6840
6844
6853
6882
6889
6899
6906
6907
6911
6914
6936
6937
6945
6952
6954
6963
6966
6971
6977
6978
7005
7006
7014
7019
7028
7035
7043
7044
7051
7065
7067
7072
7084
7085
7120
7127
7128
7130
7135
7144
7155
7177
7181
7188
7198
7222
7226
7232
7237
7239
7246
7251
7253
7260
7270
7277
7297
7305
7307
7309
7316
7321
7326
7329
7331
7332
7335
7344
7349
7353
7354
7361
7365
7372
7373
7381
7383
7385
7386
7396
7406
7415
7423
7432
7434
7449
7451
7454
7464
7465
7478
7479
7480
7482
7485
7492
7509
7515
7524
7528
7535
7543
7544
7564
7565
7568
7569
7578
7581
7592
7593
7600
7609
7610
7613
7633
7638
7650
7666
7669
7672
7683
7688
7689
7690
7693
7694
7703
7704
7718
7719
7720
7724
7744
7752
7755
7766
7781
7793
7794
7804
7810
7818
7819
7826
7854
7861
7865
7875
7884
7885
7890
7893
7900
7904
7907
7912
7913
7919
7922
7924
7932
7934
7937
7948
7949
7951
7958
7960
7968
7971
7977
7978
7979
7981
7996
8006
8014
8026
8051
8061
8066
8069
8085
8088
8092
8096
8104
8109
8111
8113
8114
8124
8135
8146
8148
8153
8154
8159
8161
8165
8170
8171
8172
8174
8183
8184
8185
8202
8203
8205
8210
8213
8231
8239
8250
8261
8267
8272
8274
8289
8296
8303
8329
8334
8339
8352
8356
8360
8363
8366
408
92
312
250
62
40
41
269
193
294
16
90
333
73
183
80
119
174
412
240
118
201
282
117
43
95
311
205
109
94
261
290
138
125
78
140
131
50
370
243
348
224
58
380
338
322
163
345
383
137
291
175
229
66
165
374
378
244
303
77
30
281
343
71
242
377
307
218
202
79
249
33
245
255
161
247
176
398
309
194
239
296
186
56
357
280
106
386
60
39
379
166
320
61
283
38
286
198
160
74
189
72
236
203
199
213
5
265
173
275
231
293
399
335
223
47
89
268
3
206
53
59
316
130
287
88
146
411
284
228
373
402
171
317
308
104
97
252
354
233
352
221
328
304
371
273
93
45
36
238
159
353
256
253
232
7
408
111
14
25
382
34
116
325
315
305
226
67
314
102
70
91
292
298
347
113
167
81
288
211
157
86
334
276
110
302
100
32
185
139
107
98
136
190
15
358
270
362
390
133
2
11
44
366
329
42
69
24
409
260
364
57
225
196
267
351
103
215
179
397
19
235
37
114
212
259
150
393
169
389
279
121
83
336
49
405
327
120
48
266
410
156
51
313
346
101
337
134
153
376
151
387
180
20
401
142
264
278
149
220
310
84
295
368
21
112
147
68
271
141
122
330
55
75
210
227
395
381
359
404
272
76
4
385
246
204
170
46
297
349
258
237
188
148
277
123
208
8
135
257
10
127
331
87
396
339
0
326
172
197
192
96
145
241
105
217
350
318
124
403
230
28
341
29
162
85
168
384
195
181
99
207
388
152
115
23
234
13
306
184
360
332
64
132
35
52
154
365
177
344
128
248
254
219
285
300
342
27
263
394
200
143
82
182
17
369
54
372
108
301
216
391
158
26
355
321
129
144
18
6
222
126
209
214
324
323
65
392
299
1
251
63
164
400
356
12
178
191
406
375
262
31
340
367
407
274
9
22
319
