148
44
49
64
80
86
95
100
107
117
139
144
150
159
162
169
183
186
196
227
244
256
260
287
306
307
316
320
323
326
328
332
333
353
377
379
386
405
409
412
427
438
455
461
495
499
500
504
511
513
521
550
575
577
582
586
602
605
608
624
625
627
628
631
634
641
643
644
666
668
693
711
719
729
755
767
782
798
811
812
824
826
840
846
854
856
874
884
912
918
919
953
954
965
972
976
981
999
1003
1010
1020
1025
1032
1043
1046
1048
1056
1061
1062
1065
1070
1079
1100
1113
1117
1144
1159
1162
1183
1187
1208
1218
1230
1236
1240
1273
1274
1302
1327
1340
1341
1347
1348
1391
1399
1404
1406
1407
1411
1419
1448
1464
1468
1497
1524
1534
1563
1580
1586
365
146
136
373
204
228
243
12
310
172
92
15
362
282
88
37
375
353
63
240
197
337
255
87
265
129
160
245
18
235
292
313
2
166
295
348
68
347
253
83
99
272
303
209
307
162
326
286
270
275
223
376
176
196
354
105
291
262
42
304
55
277
139
110
165
318
122
352
143
190
16
237
324
111
131
370
132
301
53
309
90
44
79
171
205
144
322
305
102
350
266
381
125
188
77
142
36
104
175
184
298
236
49
357
276
365
103
250
363
163
72
54
202
380
11
374
58
360
382
28
59
248
359
206
39
70
179
150
371
152
109
220
194
67
364
329
52
231
0
116
315
284
38
14
281
239
25
327
271
263
342
32
62
331
13
296
242
213
246
369
130
287
168
80
252
377
241
21
117
336
368
293
94
333
35
251
300
149
126
191
351
177
212
23
8
30
4
372
346
140
40
51
340
119
267
258
156
226
334
47
43
221
227
157
29
214
215
208
97
26
280
155
323
1
98
141
161
283
128
290
169
218
118
41
268
65
31
106
123
85
159
317
33
93
145
199
91
289
189
186
285
71
210
86
225
216
22
306
134
230
5
81
361
193
297
181
61
84
124
349
269
17
203
229
356
343
164
147
211
113
288
138
344
183
187
279
257
95
328
325
316
232
174
137
10
170
60
75
335
127
207
76
238
339
249
153
154
319
378
330
66
24
233
312
74
247
314
341
178
48
321
261
89
34
133
234
108
379
367
338
101
107
114
158
294
121
259
9
73
19
45
256
198
200
20
366
264
56
69
112
151
222
3
173
148
332
308
192
64
82
6
219
302
299
50
217
260
46
7
135
244
57
27
273
358
224
