321
73
95
103
104
107
117
120
173
186
191
196
203
217
229
266
300
304
342
344
382
431
456
462
496
505
547
558
593
646
683
714
736
757
776
820
824
832
833
850
879
882
932
955
972
974
1012
1016
1032
1057
1115
1142
1155
1168
1210
1308
1379
1410
1420
1450
1460
1501
1532
1550
1639
1680
1688
1692
1731
1739
1775
1790
1873
1902
1920
1945
1964
1966
1968
2059
2063
2087
2108
2155
2220
2258
2278
2348
2356
2447
2449
2454
2464
2528
2566
2580
2617
2701
2729
2730
2736
2738
2763
2790
2821
2845
2872
2920
2925
2927
2953
3030
3031
3036
3094
3098
3099
3126
3197
3198
3216
3221
3232
3235
3267
3281
3292
3329
3333
3358
3366
3380
3381
3428
3438
3446
3461
3491
3517
3525
3562
3594
3608
3609
3610
3614
3640
3643
3644
3680
3685
3686
3699
3717
3766
3767
3819
3848
3862
3865
3874
3889
3896
3932
3971
3974
4022
4024
4029
4067
4090
4091
4106
4134
4141
4153
4178
4200
4254
4257
4306
4337
4342
4372
4375
4408
4461
4476
4513
4524
4551
4554
4560
4584
4592
4593
4612
4633
4666
4673
4687
4692
4734
4769
4803
4805
4854
4875
4890
4892
4904
4928
4932
4933
4962
4982
4983
5011
5020
5071
5077
5112
5123
5154
5156
5163
5217
5222
5280
5296
5307
5310
5392
5402
5449
5456
5458
5465
5506
5522
5558
5604
5605
5677
5727
5749
5757
5760
5765
5789
5828
5834
5862
5863
5876
5904
5942
5951
5970
5985
6005
6055
6065
6097
6114
6161
6178
6181
6182
6219
6221
6239
6242
6250
6252
6270
6306
6342
6360
6377
6415
6418
6489
6496
6508
6516
6555
6577
6584
6592
6620
6627
6652
6654
6668
6669
6690
6750
6820
6835
6842
6913
6997
7009
7012
7029
7045
7066
7085
7089
7093
7192
7207
7213
7241
7272
7274
7277
7299
7339
7346
7348
379
144
177
384
33
31
38
167
154
7
323
124
341
207
233
146
93
118
84
29
393
97
332
327
46
249
133
11
259
274
128
41
285
394
243
201
56
187
286
73
337
390
103
88
181
303
297
60
66
49
380
120
218
142
351
44
228
19
123
298
258
401
186
21
152
309
82
399
363
197
333
143
54
221
37
279
321
241
205
280
162
77
354
200
59
210
89
302
391
140
353
253
317
53
95
159
150
148
334
217
307
356
58
15
163
45
268
227
173
318
135
270
12
6
305
160
292
17
16
183
222
145
3
359
313
324
101
104
2
288
224
325
266
262
388
372
18
87
387
361
30
48
278
193
300
320
220
14
378
340
105
375
213
76
92
43
111
192
342
4
36
25
287
216
282
366
203
219
225
311
234
370
237
20
68
108
250
165
212
22
328
121
357
86
61
169
386
149
94
331
109
28
215
98
96
107
248
330
277
5
74
127
132
191
343
100
80
236
322
106
147
326
364
110
246
178
39
50
260
91
308
315
57
377
240
42
362
35
190
312
293
344
398
198
346
271
382
389
319
306
310
24
290
214
267
371
257
223
397
157
400
78
151
226
360
242
189
138
176
70
13
188
184
294
69
358
383
180
199
299
113
284
27
349
71
245
385
99
209
51
352
251
195
348
0
90
339
126
182
335
396
256
347
374
272
166
281
141
231
381
232
392
172
116
244
276
158
367
1
81
355
52
247
235
230
40
283
206
168
117
65
194
295
115
8
269
229
156
112
122
131
10
72
369
336
47
119
263
252
55
329
265
26
395
304
264
23
130
171
175
238
102
137
134
67
136
204
83
261
373
79
170
350
32
379
64
63
239
254
179
376
296
365
291
338
114
208
289
273
34
