926
2
13
21
22
23
44
46
50
51
78
100
111
116
126
143
149
155
184
194
204
205
238
249
257
260
265
278
289
324
331
338
341
343
356
362
363
382
440
449
451
454
484
492
525
560
625
633
655
667
693
708
725
739
753
759
768
770
771
785
820
826
882
896
899
903
909
924
946
957
961
966
976
986
997
1000
1001
1019
1027
1028
1040
1044
1046
1057
1089
1099
1104
1105
1110
1112
1118
1128
1153
1156
1158
1161
1167
1173
1184
1189
1196
1200
1207
1216
1224
1241
1277
1286
1302
1305
1312
1313
1330
1350
1366
1369
1376
1389
1399
1430
1432
1456
1462
1530
1537
1551
1576
1593
1598
1622
1649
1652
1654
1657
1659
1690
1710
1731
1733
1737
1789
1795
1805
1832
1843
1877
1878
1916
1939
1958
1971
1974
2005
2006
2018
2023
2060
2061
2070
2089
2097
2105
2112
2119
2129
2132
2151
2152
2185
2192
2195
2214
2223
2228
2243
2253
2260
2269
2286
2296
2297
2309
2318
2323
2336
2367
2372
2375
2396
2415
2434
2454
2497
2505
2519
2567
2568
2584
2598
2599
2625
2627
2633
2634
2635
2645
2652
2667
2691
2701
2709
2735
2737
2742
2743
2755
2758
2814
2836
2846
2901
2908
2927
2935
2942
2950
2998
3050
3074
3077
3078
3099
3112
3118
3170
3180
3204
3208
3209
3214
3218
3239
3248
3253
3260
3267
3279
3299
3315
3335
3337
3343
3362
3364
3372
3386
3389
3390
3412
3419
3427
3430
3432
3439
3445
3456
3464
3469
3479
3483
3573
3576
3582
3601
3616
3641
3651
3658
3667
3671
3673
3687
3710
3718
3723
3744
3762
3778
3783
3787
3796
3805
3807
3830
3833
3875
3876
3885
3886
3887
3888
3891
3896
3924
3937
3938
3958
3963
3964
3982
4019
4030
4041
4049
4058
4087
4096
4121
4140
4143
4152
4156
4166
4183
4198
4202
4207
4210
4211
4216
4220
4227
4244
4274
4278
4290
4308
4321
4361
4363
4386
4387
4390
4392
4393
4403
4413
4424
4435
4466
4489
4491
4493
4516
4533
4542
4544
4547
4568
4610
4620
4623
4651
4689
4700
4733
4754
4763
4766
4767
4769
4802
4813
4816
4817
4818
4821
4825
4836
4855
4857
4859
4864
4869
4917
4924
4930
4944
4955
4961
4962
4986
4990
4994
4999
5014
5019
5028
5042
5046
5056
5063
5076
5124
5131
5132
5141
5159
5165
5182
5202
5209
5221
5234
5259
5260
5272
5296
5307
5308
5318
5321
5341
5351
5356
5375
5383
5385
5430
5450
5453
5468
5473
5494
5502
5573
5576
5577
5581
5589
5590
5602
5619
5627
5629
5644
5673
5676
5680
5682
5706
5707
5714
5745
5764
5780
5781
5814
5815
5833
5856
5860
5865
5871
5900
5908
5929
5976
5997
5999
6001
6014
6033
6035
6039
6078
6095
6099
6101
6102
6111
6125
6145
6152
6154
6170
6172
6191
6215
6230
6236
6237
6244
6272
6295
6300
6304
6309
6314
6315
6323
6331
6335
6344
6350
6357
6364
6370
6424
6434
6462
6463
6466
6474
6500
6524
6542
6559
6601
6624
6639
6645
6651
6653
6671
6675
6681
6682
6683
6687
6697
6721
6740
6775
6791
6821
6840
6860
6884
6885
6896
6910
6924
6929
6954
6975
6996
6999
7013
7045
7086
7089
7106
7144
7149
7152
7156
7165
7172
7189
7206
7214
7223
7229
7270
7275
7279
7302
7314
7323
7329
7358
7365
7371
7373
7376
7411
7412
7464
7475
7483
7491
7498
7499
7509
7534
7535
7552
7569
7584
7585
7598
7608
7614
7641
7647
7649
7660
7662
7683
7689
7704
7709
7711
7713
7738
7744
7747
7756
7761
7771
7774
7800
7822
7833
7859
7865
7868
7877
7913
7922
7923
7951
7967
7970
7975
7997
8006
8011
8024
8046
8047
8050
8055
8080
8093
8094
8126
8131
8136
8141
8160
8161
8165
8175
8220
8227
8238
8254
8260
8263
8280
8293
8313
8314
8321
8332
8340
8371
8373
8375
8376
8380
8397
8399
8414
8417
8445
8450
8464
8465
8468
8474
8501
8504
8506
8514
8525
8546
8571
8574
8577
8583
8588
8595
8609
8612
8624
8635
8640
8644
8654
8668
8671
8672
8673
8681
8683
8692
8694
8707
8740
8747
8783
8796
8805
8809
8813
8826
8837
8838
8876
8878
8884
8889
8895
8906
8908
8912
8920
8928
8942
8948
8951
8968
8973
8988
8999
9001
9016
9022
9023
9027
9045
9046
9055
9057
9076
9078
9081
9092
9103
9111
9130
9138
9145
9147
9155
9165
9173
9181
9195
9205
9233
9241
9251
9254
9257
9285
9292
9313
9315
9321
9322
9329
9349
9365
9376
9379
9387
9399
9401
9410
9411
9446
9472
9478
9496
9566
9567
9576
9589
9591
9595
9597
9600
9607
9619
9621
9645
9660
9663
9678
9683
9690
9718
9726
9789
9802
9831
9839
9846
9875
9882
9903
9904
9917
9925
9934
9936
9974
9987
9988
9994
10001
10008
10020
10026
10031
10051
10053
10072
10092
10098
10106
10123
10131
10149
10152
10166
10174
10184
10192
10198
10199
10204
10208
10216
10220
10254
10263
10271
10302
10309
10331
10332
10340
10364
10376
10378
10383
10384
10391
10398
10421
10442
10446
10451
10456
10459
10474
10486
10494
10504
10513
10519
10522
10532
10566
10594
10624
10625
10626
10633
10650
10659
10662
10665
10669
10675
10683
10684
10710
10718
10720
10722
10743
10768
10780
10789
10804
10821
10823
10837
10841
10852
10856
10857
10871
10878
10916
10922
10955
10965
10983
10993
10997
11041
11057
11066
11069
11070
11071
11087
11089
11094
11099
11122
11141
11173
11192
11210
11211
11226
11247
11274
11297
185
24
148
66
56
60
161
16
46
39
38
150
139
31
53
97
128
44
129
178
145
119
136
0
118
74
58
105
34
15
55
163
71
83
157
77
171
116
33
151
48
121
52
59
127
36
32
115
42
30
41
132
166
49
141
169
183
172
100
43
54
181
40
131
94
88
120
4
14
123
143
182
85
61
179
5
164
29
134
65
90
17
13
106
137
107
69
176
78
124
175
103
28
99
47
63
102
95
86
104
160
51
22
2
98
91
80
72
165
122
173
68
62
162
114
167
82
101
37
170
155
79
27
156
75
93
12
133
146
20
25
67
177
153
10
159
147
3
26
108
76
70
126
125
180
184
168
18
84
154
64
149
81
7
130
11
174
1
92
142
45
21
138
89
6
9
110
87
109
73
57
144
140
35
112
8
19
50
23
111
96
152
113
135
158
117
