96
105
189
194
196
200
208
214
216
217
233
261
291
364
415
426
427
433
497
501
502
644
656
671
684
686
786
819
853
879
910
946
971
974
984
1020
1030
1048
1071
1079
1089
1102
1125
1130
1134
1135
1136
1149
1150
1163
1184
1194
1228
1241
1317
1320
1333
1370
1381
1383
1386
1420
1475
1479
1489
1494
1513
1521
1538
1565
1566
1599
1601
1608
1632
1668
1698
1733
1752
1767
1775
1784
1785
1828
1844
1853
1857
1872
1885
1915
1954
2010
2024
2036
2081
2096
2154
154
80
57
47
7
138
55
134
19
69
58
81
108
99
14
87
156
45
142
78
63
154
73
85
54
140
150
11
66
118
42
114
106
129
103
8
67
5
88
61
52
75
39
144
153
43
4
62
53
68
64
37
59
163
38
70
20
141
91
29
24
127
132
15
139
60
44
157
112
149
48
155
137
159
92
98
128
17
136
109
130
77
147
97
30
146
33
123
93
10
22
94
12
50
32
31
160
18
152
119
89
86
115
84
25
133
82
9
74
122
143
95
13
162
131
110
161
35
101
6
145
148
71
124
36
113
151
102
21
23
56
116
105
135
120
49
100
28
125
111
107
158
41
46
121
27
0
126
164
16
51
79
83
117
1
