98
156
157
161
165
168
175
181
183
186
195
234
239
264
265
297
308
310
326
358
410
425
434
452
469
485
490
500
506
533
562
567
631
639
654
656
713
714
730
750
756
797
814
816
855
862
881
922
934
955
986
1035
1039
1053
1054
1089
1092
1119
1145
1146
1170
1207
1269
1283
1287
1294
1295
1315
1320
1345
1372
1376
1435
1442
1517
1544
1553
1608
1632
1636
1679
1705
1709
1720
1728
1806
1810
1824
1864
1893
1911
1913
1930
1940
1947
1948
1970
1977
1991
156
37
127
100
92
62
137
102
109
78
81
88
45
87
153
146
72
148
160
20
80
27
83
73
34
8
4
10
29
17
103
106
130
5
69
39
119
124
74
157
56
101
44
55
82
21
142
79
31
68
163
145
77
15
112
95
161
144
147
131
28
25
140
155
1
51
120
75
91
125
99
156
151
93
84
33
42
89
60
129
115
18
3
23
6
97
98
30
152
26
143
38
141
11
133
135
111
158
13
64
90
59
132
53
117
136
94
110
66
48
46
57
70
162
86
24
41
123
32
16
122
54
85
105
36
134
116
149
128
65
61
154
19
22
40
104
50
52
43
113
9
108
71
0
47
35
76
58
107
118
114
96
63
2
126
159
14
