1039
45
53
74
80
87
103
105
119
124
129
133
142
147
148
150
157
159
163
193
195
240
243
263
268
276
281
283
305
317
323
330
336
339
340
341
347
357
361
363
372
380
381
387
396
401
416
423
433
435
441
450
454
474
477
478
480
488
489
492
495
505
506
509
518
531
558
570
578
580
584
589
626
628
640
660
662
664
665
677
678
682
690
696
700
710
711
725
734
744
783
796
801
802
847
848
849
852
869
873
891
892
900
921
923
939
945
946
952
968
985
987
992
995
997
1009
1011
1020
1028
1030
1035
1061
1066
1067
1072
1078
1079
1094
1095
1097
1105
1106
1119
1120
1128
1131
1133
1136
1160
1163
1203
1212
1215
1222
1223
1224
1238
1244
1254
1258
1261
1262
1264
1266
1268
1272
1288
1289
1293
1294
1297
1300
1302
1328
1329
1335
1351
1363
1373
1385
1388
1389
1420
1422
1424
1430
1431
1445
1455
1462
1467
1479
1487
1488
1490
1496
1505
1513
1517
1528
1539
1552
1558
1571
1575
1576
1582
1599
1608
1614
1616
1627
1630
1648
1654
1656
1664
1670
1671
1676
1697
1703
1726
1762
1769
1782
1794
1796
1798
1805
1806
1819
1820
1827
1835
1840
1842
1844
1869
1873
1876
1884
1916
1933
1936
1945
1965
1972
1974
1975
1989
2001
2002
2008
2010
2015
2027
2033
2045
2050
2075
2091
2094
2110
2116
2118
2122
2123
2129
2139
2144
2152
2156
2158
2214
2237
2242
2248
2262
2272
2273
2280
2285
2288
2297
2299
2300
2304
2326
2345
2347
2348
2362
2368
2372
2380
2381
2384
2385
2390
2391
2404
2421
2439
2483
2491
2498
2515
2528
2546
2563
2564
2589
2590
2594
2613
2641
2651
2673
2689
2696
2697
2701
2705
2706
2712
2721
2724
2738
2742
2744
2756
2759
2765
2770
2785
2794
2802
2821
2824
2825
2834
2843
2851
2859
2882
2891
2893
2901
2905
2907
2909
2910
2925
2926
2944
2947
2958
2959
2963
2973
2976
2979
2991
2994
3010
3015
3035
3040
3042
3043
3054
3057
3059
3062
3071
3073
3077
3081
3082
3094
3097
3098
3101
3102
3104
3106
3119
3132
3135
3138
3155
3158
3160
3161
3166
3169
3196
3197
3200
3202
3208
3216
3223
3226
3255
3264
3277
3278
3282
3291
3298
3303
3309
3311
3318
3324
3330
3343
3374
3375
3387
3405
3408
3414
3429
3438
3460
3465
3478
3484
3487
3489
3510
3514
3522
3532
3537
3542
3544
3547
3550
3552
3558
3563
3571
3575
3579
3584
3615
3630
3634
3635
3648
3674
3685
3687
3692
3697
3709
3719
3720
3730
3743
3745
3760
3768
3781
3784
3792
3797
3800
3828
3831
3839
3871
3878
3889
3893
3898
3909
3913
3920
3923
3954
3964
3979
3981
4014
4024
4034
4051
4052
4058
4067
4074
4086
4093
4112
4119
4129
4130
4135
4151
4163
4166
4169
4172
4178
4187
4188
4197
4213
4219
4220
4243
4246
4254
4266
4273
4280
4285
4294
4303
4307
4317
4320
4340
4348
4349
4389
4398
4399
4408
4411
4416
4420
4430
4433
4440
4455
4460
4462
4487
4496
4500
4512
4545
4546
4564
4572
4574
4577
4580
4591
4594
4602
4624
4637
4640
4650
4658
4660
4663
4670
4689
4692
4697
4704
4713
4720
4735
4741
4743
4752
4754
4756
4774
4781
4784
4807
4810
4817
4818
4830
4842
4849
4852
4859
4869
4881
4886
4905
4924
4926
4935
4950
4960
4965
4974
4977
4989
4997
4998
5001
5020
5027
5033
5038
5050
5052
5053
5058
5068
5073
5075
5081
5087
5091
5093
5105
5111
5122
5142
5146
5151
5160
5162
5180
5182
5186
5189
5191
5195
5198
5199
5201
5211
5215
5216
5219
5225
5227
5242
5270
5276
5302
5311
5317
5318
5323
5325
5341
5349
5355
5359
5373
5392
5393
5400
5403
5404
5416
5419
5421
5425
5430
5435
5452
5455
5460
5461
5462
5471
5472
5498
5501
5503
5506
5508
5511
5521
5535
5536
5540
5555
5569
5574
5590
5592
5598
5605
5621
5628
5629
5630
5632
5647
5653
5659
5666
5680
5723
5734
5749
5751
5754
5755
5756
5757
5759
5766
5770
5780
5788
5796
5797
5803
5808
5817
5833
5839
5843
5844
5846
5847
5867
5873
5889
5893
5896
5900
5907
5930
5940
5949
5951
5971
5983
6006
6018
6040
6050
6051
6062
6064
6071
6074
6075
6088
6107
6117
6125
6131
6139
6150
6152
6158
6173
6175
6195
6201
6223
6228
6229
6230
6234
6240
6242
6243
6252
6257
6264
6268
6269
6271
6281
6291
6296
6311
6321
6323
6333
6336
6338
6365
6368
6376
6385
6404
6413
6426
6429
6443
6449
6468
6474
6477
6478
6487
6490
6491
6505
6528
6542
6547
6549
6558
6559
6574
6580
6586
6587
6601
6602
6608
6617
6621
6622
6637
6642
6647
6653
6664
6669
6684
6698
6700
6709
6717
6720
6723
6731
6738
6757
6759
6762
6763
6765
6772
6773
6779
6784
6791
6798
6813
6815
6817
6820
6822
6834
6839
6840
6850
6880
6887
6898
6908
6912
6931
6935
6938
6941
6942
6949
6953
6959
6972
6982
6987
7007
7010
7011
7015
7020
7027
7030
7031
7046
7051
7055
7068
7069
7072
7073
7074
7078
7090
7099
7101
7112
7114
7117
7121
7136
7139
7151
7152
7154
7156
7172
7181
7186
7194
7202
7210
7231
7236
7246
7258
7261
7288
7294
7296
7302
7334
7335
7361
7365
7379
7401
7416
7417
7421
7422
7426
7428
7441
7446
7460
7471
7472
7474
7484
7505
7520
7531
7535
7536
7539
7556
7564
7573
7597
7598
7602
7612
7619
7624
7638
7652
7654
7658
7666
7678
7680
7681
7682
7688
7691
7692
7698
7742
7743
7744
7750
7751
7753
7754
7764
7766
7770
7772
7774
7776
7780
7795
7799
7805
7811
7815
7820
7822
7823
7827
7834
7836
7842
7857
7858
7872
7889
7903
7906
7907
7911
7919
7959
7975
7976
7987
7995
8004
8019
8022
8025
8026
8029
8044
8049
8056
8057
8062
8065
8066
8071
8075
8077
8087
8093
8122
8131
8132
8135
8137
8142
8146
8153
8162
8163
8166
8176
8180
8182
8185
8189
8191
8225
8230
8246
8249
8273
8274
8280
8284
8285
8286
8300
8312
8313
174
117
149
61
135
91
57
6
116
158
31
56
11
176
24
18
95
170
162
16
65
51
78
128
3
151
147
20
133
39
153
36
5
76
30
127
14
94
92
148
73
29
114
101
113
9
145
161
82
177
87
66
108
45
69
154
163
43
130
139
13
25
62
93
123
54
99
77
134
174
131
169
67
160
10
81
23
47
49
28
8
60
55
171
168
129
126
70
50
86
138
84
98
106
165
74
172
7
90
142
173
63
2
4
146
118
120
89
48
119
71
159
150
79
179
52
19
53
22
100
17
44
122
143
97
140
34
26
35
164
141
136
41
124
96
115
21
80
68
104
132
125
152
37
40
155
167
111
72
166
175
59
144
33
75
27
15
42
105
157
102
1
110
46
121
88
0
109
85
107
12
156
58
32
137
