329
50
62
64
71
79
83
98
101
121
130
163
170
215
271
286
289
297
323
327
388
394
426
456
475
490
502
514
524
541
553
589
605
606
623
627
645
648
659
694
712
767
793
808
848
865
869
879
884
907
962
1003
1005
1010
1013
1017
1023
1029
1052
1094
1115
1130
1151
1182
1203
1245
1255
1258
1262
1263
1280
1301
1311
1319
1352
1366
1375
1382
1437
1453
1462
1500
1521
1526
1532
1537
1585
1587
1606
1641
1651
1668
1693
1715
1722
1728
1742
1749
1757
1758
1759
1774
1794
1856
1883
1886
1910
1923
1972
1979
1985
2029
2122
2180
2188
2191
2222
2234
2261
2282
2304
2324
2342
2352
2354
2385
2423
2430
2432
2437
2489
2576
2589
2668
2691
2699
2701
2704
2735
2740
2750
2772
2795
2798
2805
2853
2866
2929
2949
2973
2994
3047
3055
3097
3114
3172
3237
3314
3374
3376
3383
3471
3502
3516
3547
3574
3577
3624
3642
3672
3688
3702
3712
3753
3778
3780
3782
3817
3845
3852
3870
3878
3910
3917
3948
3962
3980
3985
3986
3990
4010
4014
4026
4042
4062
4114
4127
4140
4177
4180
4183
4189
4206
4253
4297
4300
4377
4385
4401
4474
4510
4520
4601
4603
4606
4608
4650
4707
4712
4713
4766
4799
4833
4835
4836
4861
4873
4909
4951
4958
5043
5060
5075
5077
5120
5155
5178
5189
5222
5223
5230
5240
5251
5272
5301
5317
5330
5331
5374
5389
5414
5429
5449
5456
5481
5482
5511
5559
5563
5584
5596
5664
5700
5760
5809
5821
5868
5882
5883
5962
5991
6002
6006
6013
6015
6023
6024
6027
6028
6096
6099
6125
6133
6137
6152
6157
6183
6210
6226
6236
6244
6260
6379
6454
6518
6522
6561
6576
6591
6660
6718
6734
6737
6752
6779
6792
6803
6851
6862
6936
6944
6972
6998
7023
7040
7053
7066
7108
7120
7130
7148
7152
7158
7256
7265
7266
7323
7347
7352
7363
372
124
61
3
395
203
361
358
154
314
184
266
229
112
263
315
14
216
293
238
47
157
319
142
359
153
82
16
60
301
53
26
392
86
244
87
391
335
208
279
51
367
141
400
248
79
162
119
176
100
178
164
292
369
13
218
381
242
338
25
303
277
257
4
372
239
106
18
165
286
130
209
333
123
224
373
302
305
252
243
121
132
350
139
199
298
232
169
397
325
385
297
371
57
269
388
65
273
81
101
80
35
201
332
6
306
84
107
386
304
21
377
24
205
282
222
260
236
376
274
294
46
278
399
365
175
89
204
7
295
348
90
398
103
283
267
181
180
326
98
50
49
129
159
299
374
196
15
276
250
210
354
9
289
148
149
344
262
33
313
74
253
284
55
308
223
347
351
228
115
70
64
150
27
183
336
68
187
17
77
185
128
40
323
144
281
258
265
20
163
83
58
73
343
52
261
95
91
8
271
177
156
375
92
340
120
221
219
94
384
324
198
160
370
29
11
328
173
316
194
197
22
1
396
256
329
69
186
231
309
220
38
133
226
111
189
34
108
138
307
310
12
247
337
334
63
390
192
366
99
0
225
268
341
66
214
311
364
78
105
102
171
116
143
352
290
300
237
137
131
235
355
264
67
140
147
379
330
39
288
345
394
168
357
182
217
275
125
393
190
245
36
5
368
322
110
85
19
401
230
117
206
167
234
179
134
259
318
2
118
161
215
113
193
254
346
195
360
136
114
339
151
32
233
191
109
280
383
380
170
93
31
166
43
270
42
23
71
59
389
246
387
200
126
331
56
363
287
122
227
320
362
382
353
146
378
241
174
342
28
291
285
10
255
249
172
127
211
312
145
349
96
41
