461
3
103
114
116
123
124
128
131
133
151
154
155
157
158
159
163
174
177
183
193
202
206
210
231
232
239
241
242
248
254
261
263
266
273
274
278
285
292
293
300
303
305
322
324
326
334
336
340
345
347
351
358
365
378
388
401
405
408
410
413
416
424
427
428
449
462
466
467
468
473
481
496
498
511
524
526
527
530
542
546
549
553
563
568
576
595
596
599
603
608
622
623
625
630
639
640
657
660
667
672
679
683
686
688
696
704
707
723
730
732
747
754
755
763
781
787
797
800
803
809
819
833
834
840
844
857
861
884
895
896
897
899
900
901
905
915
927
932
935
937
939
940
942
943
944
946
961
962
967
972
974
981
982
989
997
998
1002
1009
1018
1021
1024
1025
1028
1033
1034
1035
1037
1041
1042
1053
1056
1058
1060
1068
1072
1081
1087
1094
1098
1106
1113
1114
1135
1136
1144
1146
1150
1153
1154
1161
1174
1177
1179
1181
1189
1199
1203
1207
1208
1218
1221
1224
1225
1227
1230
1233
1235
1246
1252
1255
1258
1262
1266
1272
1277
1292
1301
1317
1321
1329
1330
1333
1347
1355
1356
1363
1387
1402
1404
1410
1414
1434
1436
1438
1456
1471
1472
1474
1475
1478
1479
1483
1485
1490
1498
1520
1521
1525
1531
1532
1543
1550
1564
1570
1578
1579
1584
1589
1591
1593
1594
1603
1604
1610
1612
1618
1627
1641
1646
1654
1659
1663
1667
1669
1680
1681
1687
1690
1691
1699
1704
1706
1707
1709
1713
1715
1721
1722
1737
1757
1758
1760
1765
1776
1782
1785
1792
1806
1808
1809
1811
1812
1818
1825
1829
1831
1833
1834
1840
1842
1846
1848
1855
1856
1864
1868
1872
1875
1877
1887
1888
1891
1892
1897
1906
1909
1917
1919
1924
1939
1945
1948
1952
1957
1961
1972
1976
1978
1979
1993
1997
2003
2010
2012
2015
2020
2040
2052
2053
2063
2064
2069
2084
2098
2106
2108
2112
2114
2115
2121
2123
2131
2132
2138
2145
2148
2154
2156
2162
2164
2172
2178
2181
2187
2196
2198
2203
2205
2243
2258
2260
2264
2269
2278
2283
2284
2285
2288
2289
2292
2295
2302
2303
2305
2312
2323
2326
2329
2332
2334
2341
2346
2348
2350
2351
2355
2359
2364
2365
2370
2378
2379
2383
2385
2387
2389
2391
2396
2410
2429
2430
2431
2438
2444
2449
2459
2468
2475
2477
2478
2485
2492
2507
2515
2517
2527
2531
2537
2542
2543
2546
2547
2548
2550
2562
2565
2573
2583
2611
2613
2623
2639
2648
2650
2651
2653
2667
2669
2672
2678
2681
85
87
15
52
29
58
26
48
35
0
88
67
14
51
28
77
5
55
18
76
42
20
60
7
33
23
49
2
80
16
69
62
45
53
70
40
38
72
86
71
25
43
31
3
63
11
24
65
46
82
61
44
41
78
39
12
4
57
1
6
21
59
8
85
54
83
66
89
10
73
79
56
13
84
22
50
9
64
47
27
36
68
19
75
37
30
