15
4
6
9
16
25
33
37
41
44
47
52
57
59
61
67
212
56
141
97
120
52
147
267
180
93
104
124
221
288
79
294
31
171
186
85
47
188
207
87
156
21
219
234
200
212
194
94
251
10
42
300
178
252
151
92
170
271
60
247
165
150
216
289
189
193
91
279
223
262
36
233
248
272
283
296
245
69
160
138
230
59
39
18
50
26
204
82
11
158
259
125
123
115
48
298
100
201
72
266
268
148
113
292
238
74
128
225
173
43
190
249
258
27
169
270
41
297
49
167
184
162
122
89
53
14
177
102
198
0
77
119
257
227
71
146
144
88
107
143
242
166
136
282
291
126
62
75
240
286
78
108
302
40
86
99
16
135
226
281
134
17
44
295
244
9
130
25
46
243
277
228
202
264
183
263
246
280
172
256
232
211
70
19
149
54
203
30
215
98
164
241
206
163
142
205
145
284
213
196
132
285
274
34
176
220
192
8
131
109
6
214
105
273
235
199
38
117
237
222
287
265
65
110
112
12
127
229
197
